data_fim,trimestre,cd_conta,ds_conta,valor_mil
2015-03-31,T1,1,Ativo Total,622845.0
2015-03-31,T1,1.01,Ativo Circulante,172137.0
2015-03-31,T1,1.01.01,Caixa e Equivalentes de Caixa,59491.0
2015-03-31,T1,1.01.02,Aplicações Financeiras,16016.0
2015-03-31,T1,1.01.02.01,Aplicações Financeiras Avaliadas a Valor Justo,0.0
2015-03-31,T1,1.01.02.01.01,Títulos para Negociação,0.0
2015-03-31,T1,1.01.02.01.02,Títulos Disponíveis para Venda,0.0
2015-03-31,T1,1.01.02.02,Aplicações Financeiras Avaliadas ao Custo Amortizado,0.0
2015-03-31,T1,1.01.02.02.01,Títulos Mantidos até o Vencimento,0.0
2015-03-31,T1,1.01.03,Contas a Receber,57946.0
2015-03-31,T1,1.01.03.01,Clientes,57946.0
2015-03-31,T1,1.01.03.02,Outras Contas a Receber,0.0
2015-03-31,T1,1.01.04,Estoques,0.0
2015-03-31,T1,1.01.05,Ativos Biológicos,0.0
2015-03-31,T1,1.01.06,Tributos a Recuperar,21258.0
2015-03-31,T1,1.01.06.01,Tributos Correntes a Recuperar,21258.0
2015-03-31,T1,1.01.07,Despesas Antecipadas,4452.0
2015-03-31,T1,1.01.08,Outros Ativos Circulantes,12974.0
2015-03-31,T1,1.01.08.01,Ativos Não-Correntes a Venda,0.0
2015-03-31,T1,1.01.08.02,Ativos de Operações Descontinuadas,0.0
2015-03-31,T1,1.01.08.03,Outros,12974.0
2015-03-31,T1,1.01.08.03.01,Outros Créditos,10895.0
2015-03-31,T1,1.01.08.03.02,Adiantamento a Fornecedores,214.0
2015-03-31,T1,1.01.08.03.03,Operações com Opção,1865.0
2015-03-31,T1,1.02,Ativo Não Circulante,450708.0
2015-03-31,T1,1.02.01,Ativo Realizável a Longo Prazo,86684.0
2015-03-31,T1,1.02.01.01,Aplicações Financeiras Avaliadas a Valor Justo,51225.0
2015-03-31,T1,1.02.01.01.01,Títulos para Negociação,0.0
2015-03-31,T1,1.02.01.01.02,Títulos Disponíveis para Venda,0.0
2015-03-31,T1,1.02.01.02,Aplicações Financeiras Avaliadas ao Custo Amortizado,0.0
2015-03-31,T1,1.02.01.02.01,Títulos Mantidos até o Vencimento,0.0
2015-03-31,T1,1.02.01.03,Contas a Receber,7693.0
2015-03-31,T1,1.02.01.03.01,Clientes,7693.0
2015-03-31,T1,1.02.01.03.02,Outras Contas a Receber,0.0
2015-03-31,T1,1.02.01.04,Estoques,0.0
2015-03-31,T1,1.02.01.05,Ativos Biológicos,0.0
2015-03-31,T1,1.02.01.06,Tributos Diferidos,0.0
2015-03-31,T1,1.02.01.06.01,Imposto de Renda e Contribuição Social Diferidos,0.0
2015-03-31,T1,1.02.01.07,Despesas Antecipadas,0.0
2015-03-31,T1,1.02.01.08,Créditos com Partes Relacionadas,0.0
2015-03-31,T1,1.02.01.08.01,Créditos com Coligadas,0.0
2015-03-31,T1,1.02.01.08.03,Créditos com Controladores,0.0
2015-03-31,T1,1.02.01.08.04,Créditos com Outras Partes Relacionadas,0.0
2015-03-31,T1,1.02.01.09,Outros Ativos Não Circulantes,27766.0
2015-03-31,T1,1.02.01.09.01,Ativos Não-Correntes a Venda,0.0
2015-03-31,T1,1.02.01.09.02,Ativos de Operações Descontinuadas,0.0
2015-03-31,T1,1.02.01.09.03,Terrenos Disponíveis para Venda,514.0
2015-03-31,T1,1.02.01.09.05,Outros,23752.0
2015-03-31,T1,1.02.01.09.06,Operações com Opção,3500.0
2015-03-31,T1,1.02.01.09.07,Contas a Receber - Aquisição de Empresas,0.0
2015-03-31,T1,1.02.02,Investimentos,0.0
2015-03-31,T1,1.02.02.01,Participações Societárias,0.0
2015-03-31,T1,1.02.02.01.01,Participações em Coligadas,0.0
2015-03-31,T1,1.02.02.01.04,Outras Participações Societárias,0.0
2015-03-31,T1,1.02.02.02,Propriedades para Investimento,0.0
2015-03-31,T1,1.02.03,Imobilizado,42385.0
2015-03-31,T1,1.02.03.01,Imobilizado em Operação,42385.0
2015-03-31,T1,1.02.03.02,Imobilizado Arrendado,0.0
2015-03-31,T1,1.02.03.03,Imobilizado em Andamento,0.0
2015-03-31,T1,1.02.04,Intangível,321639.0
2015-03-31,T1,1.02.04.01,Intangíveis,321639.0
2015-03-31,T1,1.02.04.01.01,Contrato de Concessão,0.0
2015-03-31,T1,1.02.04.01.02,Vida útil indefinida,310824.0
2015-03-31,T1,1.02.04.01.03,Vida útil definida,10815.0
2015-03-31,T1,1.02.04.02,Goodwill,0.0
2015-06-30,T2,1,Ativo Total,612390.0
2015-06-30,T2,1.01,Ativo Circulante,161354.0
2015-06-30,T2,1.01.01,Caixa e Equivalentes de Caixa,53833.0
2015-06-30,T2,1.01.02,Aplicações Financeiras,16520.0
2015-06-30,T2,1.01.02.01,Aplicações Financeiras Avaliadas a Valor Justo,0.0
2015-06-30,T2,1.01.02.01.01,Títulos para Negociação,0.0
2015-06-30,T2,1.01.02.01.02,Títulos Disponíveis para Venda,0.0
2015-06-30,T2,1.01.02.02,Aplicações Financeiras Avaliadas ao Custo Amortizado,0.0
2015-06-30,T2,1.01.02.02.01,Títulos Mantidos até o Vencimento,0.0
2015-06-30,T2,1.01.03,Contas a Receber,53306.0
2015-06-30,T2,1.01.03.01,Clientes,53306.0
2015-06-30,T2,1.01.03.02,Outras Contas a Receber,0.0
2015-06-30,T2,1.01.04,Estoques,0.0
2015-06-30,T2,1.01.05,Ativos Biológicos,0.0
2015-06-30,T2,1.01.06,Tributos a Recuperar,20709.0
2015-06-30,T2,1.01.06.01,Tributos Correntes a Recuperar,20709.0
2015-06-30,T2,1.01.07,Despesas Antecipadas,4240.0
2015-06-30,T2,1.01.08,Outros Ativos Circulantes,12746.0
2015-06-30,T2,1.01.08.01,Ativos Não-Correntes a Venda,0.0
2015-06-30,T2,1.01.08.02,Ativos de Operações Descontinuadas,0.0
2015-06-30,T2,1.01.08.03,Outros,12746.0
2015-06-30,T2,1.01.08.03.01,Outros Créditos,10864.0
2015-06-30,T2,1.01.08.03.02,Adiantamento a Fornecedores,17.0
2015-06-30,T2,1.01.08.03.03,Operações com Opção,1865.0
2015-06-30,T2,1.02,Ativo Não Circulante,451036.0
2015-06-30,T2,1.02.01,Ativo Realizável a Longo Prazo,89422.0
2015-06-30,T2,1.02.01.01,Aplicações Financeiras Avaliadas a Valor Justo,52326.0
2015-06-30,T2,1.02.01.01.01,Títulos para Negociação,0.0
2015-06-30,T2,1.02.01.01.02,Títulos Disponíveis para Venda,0.0
2015-06-30,T2,1.02.01.02,Aplicações Financeiras Avaliadas ao Custo Amortizado,0.0
2015-06-30,T2,1.02.01.02.01,Títulos Mantidos até o Vencimento,0.0
2015-06-30,T2,1.02.01.03,Contas a Receber,7204.0
2015-06-30,T2,1.02.01.03.01,Clientes,7204.0
2015-06-30,T2,1.02.01.03.02,Outras Contas a Receber,0.0
2015-06-30,T2,1.02.01.04,Estoques,0.0
2015-06-30,T2,1.02.01.05,Ativos Biológicos,0.0
2015-06-30,T2,1.02.01.06,Tributos Diferidos,0.0
2015-06-30,T2,1.02.01.06.01,Imposto de Renda e Contribuição Social Diferidos,0.0
2015-06-30,T2,1.02.01.07,Despesas Antecipadas,0.0
2015-06-30,T2,1.02.01.08,Créditos com Partes Relacionadas,0.0
2015-06-30,T2,1.02.01.08.01,Créditos com Coligadas,0.0
2015-06-30,T2,1.02.01.08.03,Créditos com Controladores,0.0
2015-06-30,T2,1.02.01.08.04,Créditos com Outras Partes Relacionadas,0.0
2015-06-30,T2,1.02.01.09,Outros Ativos Não Circulantes,29892.0
2015-06-30,T2,1.02.01.09.01,Ativos Não-Correntes a Venda,0.0
2015-06-30,T2,1.02.01.09.02,Ativos de Operações Descontinuadas,0.0
2015-06-30,T2,1.02.01.09.03,Terrenos Disponíveis para Venda,592.0
2015-06-30,T2,1.02.01.09.05,Outros,25800.0
2015-06-30,T2,1.02.01.09.06,Operações com Opção,3500.0
2015-06-30,T2,1.02.01.09.07,Contas a Receber - Aquisição de Empresas,0.0
2015-06-30,T2,1.02.02,Investimentos,0.0
2015-06-30,T2,1.02.02.01,Participações Societárias,0.0
2015-06-30,T2,1.02.02.01.01,Participações em Coligadas,0.0
2015-06-30,T2,1.02.02.01.04,Outras Participações Societárias,0.0
2015-06-30,T2,1.02.02.02,Propriedades para Investimento,0.0
2015-06-30,T2,1.02.03,Imobilizado,40122.0
2015-06-30,T2,1.02.03.01,Imobilizado em Operação,40122.0
2015-06-30,T2,1.02.03.02,Imobilizado Arrendado,0.0
2015-06-30,T2,1.02.03.03,Imobilizado em Andamento,0.0
2015-06-30,T2,1.02.04,Intangível,321492.0
2015-06-30,T2,1.02.04.01,Intangíveis,321492.0
2015-06-30,T2,1.02.04.01.01,Contrato de Concessão,0.0
2015-06-30,T2,1.02.04.01.02,Vida útil indefinida,310824.0
2015-06-30,T2,1.02.04.01.03,Vida útil definida,10668.0
2015-06-30,T2,1.02.04.02,Goodwill,0.0
2015-09-30,T3,1,Ativo Total,595733.0
2015-09-30,T3,1.01,Ativo Circulante,144325.0
2015-09-30,T3,1.01.01,Caixa e Equivalentes de Caixa,44808.0
2015-09-30,T3,1.01.02,Aplicações Financeiras,17108.0
2015-09-30,T3,1.01.02.01,Aplicações Financeiras Avaliadas a Valor Justo,0.0
2015-09-30,T3,1.01.02.01.01,Títulos para Negociação,0.0
2015-09-30,T3,1.01.02.01.02,Títulos Disponíveis para Venda,0.0
2015-09-30,T3,1.01.02.02,Aplicações Financeiras Avaliadas ao Custo Amortizado,0.0
2015-09-30,T3,1.01.02.02.01,Títulos Mantidos até o Vencimento,0.0
2015-09-30,T3,1.01.03,Contas a Receber,47379.0
2015-09-30,T3,1.01.03.01,Clientes,47379.0
2015-09-30,T3,1.01.03.02,Outras Contas a Receber,0.0
2015-09-30,T3,1.01.04,Estoques,0.0
2015-09-30,T3,1.01.05,Ativos Biológicos,0.0
2015-09-30,T3,1.01.06,Tributos a Recuperar,20108.0
2015-09-30,T3,1.01.06.01,Tributos Correntes a Recuperar,20108.0
2015-09-30,T3,1.01.07,Despesas Antecipadas,3407.0
2015-09-30,T3,1.01.08,Outros Ativos Circulantes,11515.0
2015-09-30,T3,1.01.08.01,Ativos Não-Correntes a Venda,0.0
2015-09-30,T3,1.01.08.02,Ativos de Operações Descontinuadas,0.0
2015-09-30,T3,1.01.08.03,Outros,11515.0
2015-09-30,T3,1.01.08.03.01,Outros Créditos,9616.0
2015-09-30,T3,1.01.08.03.02,Adiantamento a Fornecedores,34.0
2015-09-30,T3,1.01.08.03.03,Operações com Opção,1865.0
2015-09-30,T3,1.02,Ativo Não Circulante,451408.0
2015-09-30,T3,1.02.01,Ativo Realizável a Longo Prazo,92425.0
2015-09-30,T3,1.02.01.01,Aplicações Financeiras Avaliadas a Valor Justo,54178.0
2015-09-30,T3,1.02.01.01.01,Títulos para Negociação,0.0
2015-09-30,T3,1.02.01.01.02,Títulos Disponíveis para Venda,0.0
2015-09-30,T3,1.02.01.02,Aplicações Financeiras Avaliadas ao Custo Amortizado,0.0
2015-09-30,T3,1.02.01.02.01,Títulos Mantidos até o Vencimento,0.0
2015-09-30,T3,1.02.01.03,Contas a Receber,6225.0
2015-09-30,T3,1.02.01.03.01,Clientes,6225.0
2015-09-30,T3,1.02.01.03.02,Outras Contas a Receber,0.0
2015-09-30,T3,1.02.01.04,Estoques,0.0
2015-09-30,T3,1.02.01.05,Ativos Biológicos,0.0
2015-09-30,T3,1.02.01.06,Tributos Diferidos,0.0
2015-09-30,T3,1.02.01.06.01,Imposto de Renda e Contribuição Social Diferidos,0.0
2015-09-30,T3,1.02.01.07,Despesas Antecipadas,0.0
2015-09-30,T3,1.02.01.08,Créditos com Partes Relacionadas,0.0
2015-09-30,T3,1.02.01.08.01,Créditos com Coligadas,0.0
2015-09-30,T3,1.02.01.08.03,Créditos com Controladores,0.0
2015-09-30,T3,1.02.01.08.04,Créditos com Outras Partes Relacionadas,0.0
2015-09-30,T3,1.02.01.09,Outros Ativos Não Circulantes,32022.0
2015-09-30,T3,1.02.01.09.01,Ativos Não-Correntes a Venda,0.0
2015-09-30,T3,1.02.01.09.02,Ativos de Operações Descontinuadas,0.0
2015-09-30,T3,1.02.01.09.03,Terrenos Disponíveis para Venda,1121.0
2015-09-30,T3,1.02.01.09.05,Outros,27401.0
2015-09-30,T3,1.02.01.09.06,Operações com Opção,3500.0
2015-09-30,T3,1.02.01.09.07,Contas a Receber - Aquisição de Empresas,0.0
2015-09-30,T3,1.02.02,Investimentos,0.0
2015-09-30,T3,1.02.02.01,Participações Societárias,0.0
2015-09-30,T3,1.02.02.01.01,Participações em Coligadas,0.0
2015-09-30,T3,1.02.02.01.04,Outras Participações Societárias,0.0
2015-09-30,T3,1.02.02.02,Propriedades para Investimento,0.0
2015-09-30,T3,1.02.03,Imobilizado,37493.0
2015-09-30,T3,1.02.03.01,Imobilizado em Operação,37493.0
2015-09-30,T3,1.02.03.02,Imobilizado Arrendado,0.0
2015-09-30,T3,1.02.03.03,Imobilizado em Andamento,0.0
2015-09-30,T3,1.02.04,Intangível,321490.0
2015-09-30,T3,1.02.04.01,Intangíveis,321490.0
2015-09-30,T3,1.02.04.01.01,Contrato de Concessão,0.0
2015-09-30,T3,1.02.04.01.02,Vida útil indefinida,310824.0
2015-09-30,T3,1.02.04.01.03,Vida útil definida,10666.0
2015-09-30,T3,1.02.04.02,Goodwill,0.0
2016-03-31,T1,1,Ativo Total,482903.0
2016-03-31,T1,1.01,Ativo Circulante,82327.0
2016-03-31,T1,1.01.01,Caixa e Equivalentes de Caixa,11405.0
2016-03-31,T1,1.01.02,Aplicações Financeiras,15286.0
2016-03-31,T1,1.01.02.01,Aplicações Financeiras Avaliadas a Valor Justo,0.0
2016-03-31,T1,1.01.02.01.01,Títulos para Negociação,0.0
2016-03-31,T1,1.01.02.01.02,Títulos Disponíveis para Venda,0.0
2016-03-31,T1,1.01.02.02,Aplicações Financeiras Avaliadas ao Custo Amortizado,0.0
2016-03-31,T1,1.01.02.02.01,Títulos Mantidos até o Vencimento,0.0
2016-03-31,T1,1.01.03,Contas a Receber,27246.0
2016-03-31,T1,1.01.03.01,Clientes,27246.0
2016-03-31,T1,1.01.03.02,Outras Contas a Receber,0.0
2016-03-31,T1,1.01.04,Estoques,0.0
2016-03-31,T1,1.01.05,Ativos Biológicos,0.0
2016-03-31,T1,1.01.06,Tributos a Recuperar,8823.0
2016-03-31,T1,1.01.06.01,Tributos Correntes a Recuperar,8823.0
2016-03-31,T1,1.01.07,Despesas Antecipadas,3999.0
2016-03-31,T1,1.01.08,Outros Ativos Circulantes,15568.0
2016-03-31,T1,1.01.08.01,Ativos Não-Correntes a Venda,0.0
2016-03-31,T1,1.01.08.02,Ativos de Operações Descontinuadas,0.0
2016-03-31,T1,1.01.08.03,Outros,15568.0
2016-03-31,T1,1.01.08.03.01,Outros Créditos,2721.0
2016-03-31,T1,1.01.08.03.02,Adiantamento a Fornecedores,435.0
2016-03-31,T1,1.01.08.03.03,Operações com Opção,3151.0
2016-03-31,T1,1.01.08.03.04,Contas a receber revenda empresas,9261.0
2016-03-31,T1,1.02,Ativo Não Circulante,400576.0
2016-03-31,T1,1.02.01,Ativo Realizável a Longo Prazo,108783.0
2016-03-31,T1,1.02.01.01,Aplicações Financeiras Avaliadas a Valor Justo,56068.0
2016-03-31,T1,1.02.01.01.01,Títulos para Negociação,0.0
2016-03-31,T1,1.02.01.01.02,Títulos Disponíveis para Venda,0.0
2016-03-31,T1,1.02.01.02,Aplicações Financeiras Avaliadas ao Custo Amortizado,0.0
2016-03-31,T1,1.02.01.02.01,Títulos Mantidos até o Vencimento,0.0
2016-03-31,T1,1.02.01.03,Contas a Receber,1165.0
2016-03-31,T1,1.02.01.03.01,Clientes,1165.0
2016-03-31,T1,1.02.01.03.02,Outras Contas a Receber,0.0
2016-03-31,T1,1.02.01.04,Estoques,0.0
2016-03-31,T1,1.02.01.05,Ativos Biológicos,0.0
2016-03-31,T1,1.02.01.06,Tributos Diferidos,0.0
2016-03-31,T1,1.02.01.06.01,Imposto de Renda e Contribuição Social Diferidos,0.0
2016-03-31,T1,1.02.01.07,Despesas Antecipadas,0.0
2016-03-31,T1,1.02.01.08,Créditos com Partes Relacionadas,0.0
2016-03-31,T1,1.02.01.08.01,Créditos com Coligadas,0.0
2016-03-31,T1,1.02.01.08.03,Créditos com Controladores,0.0
2016-03-31,T1,1.02.01.08.04,Créditos com Outras Partes Relacionadas,0.0
2016-03-31,T1,1.02.01.09,Outros Ativos Não Circulantes,51550.0
2016-03-31,T1,1.02.01.09.01,Ativos Não-Correntes a Venda,0.0
2016-03-31,T1,1.02.01.09.02,Ativos de Operações Descontinuadas,0.0
2016-03-31,T1,1.02.01.09.03,Adiantamento para Futuro Aumento de Capital,0.0
2016-03-31,T1,1.02.01.09.04,Outros Créditos,6723.0
2016-03-31,T1,1.02.01.09.05,Operações com Opção,8840.0
2016-03-31,T1,1.02.01.09.06,Contas a receber revenda empresas,7365.0
2016-03-31,T1,1.02.01.09.07,Tributos a Recuperar,11010.0
2016-03-31,T1,1.02.01.09.08,Bens Disponíveis para Venda,1121.0
2016-03-31,T1,1.02.01.09.09,Depósitos Judiciais,16491.0
2016-03-31,T1,1.02.02,Investimentos,0.0
2016-03-31,T1,1.02.02.01,Participações Societárias,0.0
2016-03-31,T1,1.02.02.01.01,Participações em Coligadas,0.0
2016-03-31,T1,1.02.02.01.04,Outras Participações Societárias,0.0
2016-03-31,T1,1.02.02.02,Propriedades para Investimento,0.0
2016-03-31,T1,1.02.03,Imobilizado,27428.0
2016-03-31,T1,1.02.03.01,Imobilizado em Operação,27428.0
2016-03-31,T1,1.02.03.02,Imobilizado Arrendado,0.0
2016-03-31,T1,1.02.03.03,Imobilizado em Andamento,0.0
2016-03-31,T1,1.02.04,Intangível,264365.0
2016-03-31,T1,1.02.04.01,Intangíveis,264365.0
2016-03-31,T1,1.02.04.01.01,Contrato de Concessão,0.0
2016-03-31,T1,1.02.04.01.02,Vida útil indefinida,254666.0
2016-03-31,T1,1.02.04.01.03,Vida útil definida,9699.0
2016-03-31,T1,1.02.04.02,Goodwill,0.0
2016-06-30,T2,1,Ativo Total,470661.0
2016-06-30,T2,1.01,Ativo Circulante,83234.0
2016-06-30,T2,1.01.01,Caixa e Equivalentes de Caixa,10800.0
2016-06-30,T2,1.01.02,Aplicações Financeiras,15877.0
2016-06-30,T2,1.01.02.01,Aplicações Financeiras Avaliadas a Valor Justo,0.0
2016-06-30,T2,1.01.02.01.01,Títulos para Negociação,0.0
2016-06-30,T2,1.01.02.01.02,Títulos Disponíveis para Venda,0.0
2016-06-30,T2,1.01.02.02,Aplicações Financeiras Avaliadas ao Custo Amortizado,0.0
2016-06-30,T2,1.01.02.02.01,Títulos Mantidos até o Vencimento,0.0
2016-06-30,T2,1.01.03,Contas a Receber,27324.0
2016-06-30,T2,1.01.03.01,Clientes,27324.0
2016-06-30,T2,1.01.03.02,Outras Contas a Receber,0.0
2016-06-30,T2,1.01.04,Estoques,0.0
2016-06-30,T2,1.01.05,Ativos Biológicos,0.0
2016-06-30,T2,1.01.06,Tributos a Recuperar,9462.0
2016-06-30,T2,1.01.06.01,Tributos Correntes a Recuperar,9462.0
2016-06-30,T2,1.01.07,Despesas Antecipadas,3189.0
2016-06-30,T2,1.01.08,Outros Ativos Circulantes,16582.0
2016-06-30,T2,1.01.08.01,Ativos Não-Correntes a Venda,0.0
2016-06-30,T2,1.01.08.02,Ativos de Operações Descontinuadas,0.0
2016-06-30,T2,1.01.08.03,Outros,16582.0
2016-06-30,T2,1.01.08.03.01,Outros Créditos,4014.0
2016-06-30,T2,1.01.08.03.02,Adiantamento a Fornecedores,507.0
2016-06-30,T2,1.01.08.03.03,Operações com Opção,3151.0
2016-06-30,T2,1.01.08.03.04,Contas a receber revenda empresas,8910.0
2016-06-30,T2,1.02,Ativo Não Circulante,387427.0
2016-06-30,T2,1.02.01,Ativo Realizável a Longo Prazo,98250.0
2016-06-30,T2,1.02.01.01,Aplicações Financeiras Avaliadas a Valor Justo,47028.0
2016-06-30,T2,1.02.01.01.01,Títulos para Negociação,0.0
2016-06-30,T2,1.02.01.01.02,Títulos Disponíveis para Venda,0.0
2016-06-30,T2,1.02.01.02,Aplicações Financeiras Avaliadas ao Custo Amortizado,0.0
2016-06-30,T2,1.02.01.02.01,Títulos Mantidos até o Vencimento,0.0
2016-06-30,T2,1.02.01.03,Contas a Receber,880.0
2016-06-30,T2,1.02.01.03.01,Clientes,880.0
2016-06-30,T2,1.02.01.03.02,Outras Contas a Receber,0.0
2016-06-30,T2,1.02.01.04,Estoques,0.0
2016-06-30,T2,1.02.01.05,Ativos Biológicos,0.0
2016-06-30,T2,1.02.01.06,Tributos Diferidos,0.0
2016-06-30,T2,1.02.01.06.01,Imposto de Renda e Contribuição Social Diferidos,0.0
2016-06-30,T2,1.02.01.07,Despesas Antecipadas,0.0
2016-06-30,T2,1.02.01.08,Créditos com Partes Relacionadas,0.0
2016-06-30,T2,1.02.01.08.01,Créditos com Coligadas,0.0
2016-06-30,T2,1.02.01.08.03,Créditos com Controladores,0.0
2016-06-30,T2,1.02.01.08.04,Créditos com Outras Partes Relacionadas,0.0
2016-06-30,T2,1.02.01.09,Outros Ativos Não Circulantes,50342.0
2016-06-30,T2,1.02.01.09.01,Ativos Não-Correntes a Venda,0.0
2016-06-30,T2,1.02.01.09.02,Ativos de Operações Descontinuadas,0.0
2016-06-30,T2,1.02.01.09.03,Adiantamento para Futuro Aumento de Capital,0.0
2016-06-30,T2,1.02.01.09.04,Outros Créditos,6990.0
2016-06-30,T2,1.02.01.09.05,Operações com Opção,8840.0
2016-06-30,T2,1.02.01.09.06,Contas a receber revenda empresas,8357.0
2016-06-30,T2,1.02.01.09.07,Tributos a Recuperar,11010.0
2016-06-30,T2,1.02.01.09.08,Bens Disponíveis para Venda,1121.0
2016-06-30,T2,1.02.01.09.09,Depósitos Judiciais,14024.0
2016-06-30,T2,1.02.02,Investimentos,0.0
2016-06-30,T2,1.02.02.01,Participações Societárias,0.0
2016-06-30,T2,1.02.02.01.01,Participações em Coligadas,0.0
2016-06-30,T2,1.02.02.01.04,Outras Participações Societárias,0.0
2016-06-30,T2,1.02.02.02,Propriedades para Investimento,0.0
2016-06-30,T2,1.02.03,Imobilizado,25128.0
2016-06-30,T2,1.02.03.01,Imobilizado em Operação,25128.0
2016-06-30,T2,1.02.03.02,Imobilizado Arrendado,0.0
2016-06-30,T2,1.02.03.03,Imobilizado em Andamento,0.0
2016-06-30,T2,1.02.04,Intangível,264049.0
2016-06-30,T2,1.02.04.01,Intangíveis,264049.0
2016-06-30,T2,1.02.04.01.01,Contrato de Concessão,0.0
2016-06-30,T2,1.02.04.01.02,Vida útil indefinida,254666.0
2016-06-30,T2,1.02.04.01.03,Vida útil definida,9383.0
2016-06-30,T2,1.02.04.02,Goodwill,0.0
2016-09-30,T3,1,Ativo Total,459254.0
2016-09-30,T3,1.01,Ativo Circulante,87527.0
2016-09-30,T3,1.01.01,Caixa e Equivalentes de Caixa,9998.0
2016-09-30,T3,1.01.02,Aplicações Financeiras,18008.0
2016-09-30,T3,1.01.02.01,Aplicações Financeiras Avaliadas a Valor Justo,0.0
2016-09-30,T3,1.01.02.01.01,Títulos para Negociação,0.0
2016-09-30,T3,1.01.02.01.02,Títulos Disponíveis para Venda,0.0
2016-09-30,T3,1.01.02.02,Aplicações Financeiras Avaliadas ao Custo Amortizado,0.0
2016-09-30,T3,1.01.02.02.01,Títulos Mantidos até o Vencimento,0.0
2016-09-30,T3,1.01.03,Contas a Receber,31208.0
2016-09-30,T3,1.01.03.01,Clientes,31208.0
2016-09-30,T3,1.01.03.02,Outras Contas a Receber,0.0
2016-09-30,T3,1.01.04,Estoques,0.0
2016-09-30,T3,1.01.05,Ativos Biológicos,0.0
2016-09-30,T3,1.01.06,Tributos a Recuperar,9356.0
2016-09-30,T3,1.01.06.01,Tributos Correntes a Recuperar,9356.0
2016-09-30,T3,1.01.07,Despesas Antecipadas,2656.0
2016-09-30,T3,1.01.08,Outros Ativos Circulantes,16301.0
2016-09-30,T3,1.01.08.01,Ativos Não-Correntes a Venda,0.0
2016-09-30,T3,1.01.08.02,Ativos de Operações Descontinuadas,0.0
2016-09-30,T3,1.01.08.03,Outros,16301.0
2016-09-30,T3,1.01.08.03.01,Outros Créditos,4581.0
2016-09-30,T3,1.01.08.03.02,Adiantamento a Fornecedores,827.0
2016-09-30,T3,1.01.08.03.03,Operações com Opção,3151.0
2016-09-30,T3,1.01.08.03.04,Contas a receber revenda empresas,7742.0
2016-09-30,T3,1.02,Ativo Não Circulante,371727.0
2016-09-30,T3,1.02.01,Ativo Realizável a Longo Prazo,85081.0
2016-09-30,T3,1.02.01.01,Aplicações Financeiras Avaliadas a Valor Justo,34463.0
2016-09-30,T3,1.02.01.01.01,Títulos para Negociação,0.0
2016-09-30,T3,1.02.01.01.02,Títulos Disponíveis para Venda,0.0
2016-09-30,T3,1.02.01.02,Aplicações Financeiras Avaliadas ao Custo Amortizado,0.0
2016-09-30,T3,1.02.01.02.01,Títulos Mantidos até o Vencimento,0.0
2016-09-30,T3,1.02.01.03,Contas a Receber,1111.0
2016-09-30,T3,1.02.01.03.01,Clientes,1111.0
2016-09-30,T3,1.02.01.03.02,Outras Contas a Receber,0.0
2016-09-30,T3,1.02.01.04,Estoques,0.0
2016-09-30,T3,1.02.01.05,Ativos Biológicos,0.0
2016-09-30,T3,1.02.01.06,Tributos Diferidos,0.0
2016-09-30,T3,1.02.01.06.01,Imposto de Renda e Contribuição Social Diferidos,0.0
2016-09-30,T3,1.02.01.07,Despesas Antecipadas,0.0
2016-09-30,T3,1.02.01.08,Créditos com Partes Relacionadas,0.0
2016-09-30,T3,1.02.01.08.01,Créditos com Coligadas,0.0
2016-09-30,T3,1.02.01.08.03,Créditos com Controladores,0.0
2016-09-30,T3,1.02.01.08.04,Créditos com Outras Partes Relacionadas,0.0
2016-09-30,T3,1.02.01.09,Outros Ativos Não Circulantes,49507.0
2016-09-30,T3,1.02.01.09.01,Ativos Não-Correntes a Venda,0.0
2016-09-30,T3,1.02.01.09.02,Ativos de Operações Descontinuadas,0.0
2016-09-30,T3,1.02.01.09.03,Adiantamento para Futuro Aumento de Capital,0.0
2016-09-30,T3,1.02.01.09.04,Outros Créditos,6071.0
2016-09-30,T3,1.02.01.09.05,Operações com Opção,6516.0
2016-09-30,T3,1.02.01.09.06,Contas a receber revenda empresas,9443.0
2016-09-30,T3,1.02.01.09.07,Tributos a Recuperar,11010.0
2016-09-30,T3,1.02.01.09.08,Bens Disponíveis para Venda,1121.0
2016-09-30,T3,1.02.01.09.09,Depósitos Judiciais,15346.0
2016-09-30,T3,1.02.02,Investimentos,0.0
2016-09-30,T3,1.02.02.01,Participações Societárias,0.0
2016-09-30,T3,1.02.02.01.01,Participações em Coligadas,0.0
2016-09-30,T3,1.02.02.01.04,Outras Participações Societárias,0.0
2016-09-30,T3,1.02.02.02,Propriedades para Investimento,0.0
2016-09-30,T3,1.02.03,Imobilizado,23172.0
2016-09-30,T3,1.02.03.01,Imobilizado em Operação,23172.0
2016-09-30,T3,1.02.03.02,Imobilizado Arrendado,0.0
2016-09-30,T3,1.02.03.03,Imobilizado em Andamento,0.0
2016-09-30,T3,1.02.04,Intangível,263474.0
2016-09-30,T3,1.02.04.01,Intangíveis,263474.0
2016-09-30,T3,1.02.04.01.01,Contrato de Concessão,0.0
2016-09-30,T3,1.02.04.01.02,Vida útil indefinida,254666.0
2016-09-30,T3,1.02.04.01.03,Vida útil definida,8808.0
2016-09-30,T3,1.02.04.02,Goodwill,0.0
2017-03-31,T1,1,Ativo Total,407681.0
2017-03-31,T1,1.01,Ativo Circulante,69990.0
2017-03-31,T1,1.01.01,Caixa e Equivalentes de Caixa,10752.0
2017-03-31,T1,1.01.02,Aplicações Financeiras,18823.0
2017-03-31,T1,1.01.02.01,Aplicações Financeiras Avaliadas a Valor Justo,0.0
2017-03-31,T1,1.01.02.01.01,Títulos para Negociação,0.0
2017-03-31,T1,1.01.02.01.02,Títulos Disponíveis para Venda,0.0
2017-03-31,T1,1.01.02.02,Aplicações Financeiras Avaliadas ao Custo Amortizado,0.0
2017-03-31,T1,1.01.02.02.01,Títulos Mantidos até o Vencimento,0.0
2017-03-31,T1,1.01.03,Contas a Receber,14076.0
2017-03-31,T1,1.01.03.01,Clientes,14076.0
2017-03-31,T1,1.01.03.02,Outras Contas a Receber,0.0
2017-03-31,T1,1.01.04,Estoques,0.0
2017-03-31,T1,1.01.05,Ativos Biológicos,0.0
2017-03-31,T1,1.01.06,Tributos a Recuperar,3951.0
2017-03-31,T1,1.01.06.01,Tributos Correntes a Recuperar,3951.0
2017-03-31,T1,1.01.07,Despesas Antecipadas,3721.0
2017-03-31,T1,1.01.08,Outros Ativos Circulantes,18667.0
2017-03-31,T1,1.01.08.01,Ativos Não-Correntes a Venda,0.0
2017-03-31,T1,1.01.08.02,Ativos de Operações Descontinuadas,0.0
2017-03-31,T1,1.01.08.03,Outros,18667.0
2017-03-31,T1,1.01.08.03.01,Outros Créditos,15174.0
2017-03-31,T1,1.01.08.03.02,Adiantamento a Fornecedores,138.0
2017-03-31,T1,1.01.08.03.03,Operacões com Opção,3355.0
2017-03-31,T1,1.02,Ativo Não Circulante,337691.0
2017-03-31,T1,1.02.01,Ativo Realizável a Longo Prazo,60463.0
2017-03-31,T1,1.02.01.01,Aplicações Financeiras Avaliadas a Valor Justo,15921.0
2017-03-31,T1,1.02.01.01.01,Títulos para Negociação,0.0
2017-03-31,T1,1.02.01.01.02,Títulos Disponíveis para Venda,0.0
2017-03-31,T1,1.02.01.02,Aplicações Financeiras Avaliadas ao Custo Amortizado,0.0
2017-03-31,T1,1.02.01.02.01,Títulos Mantidos até o Vencimento,0.0
2017-03-31,T1,1.02.01.03,Contas a Receber,830.0
2017-03-31,T1,1.02.01.03.01,Clientes,830.0
2017-03-31,T1,1.02.01.03.02,Outras Contas a Receber,0.0
2017-03-31,T1,1.02.01.04,Estoques,0.0
2017-03-31,T1,1.02.01.05,Ativos Biológicos,0.0
2017-03-31,T1,1.02.01.06,Tributos Diferidos,0.0
2017-03-31,T1,1.02.01.06.01,Imposto de Renda e Contribuição Social Diferidos,0.0
2017-03-31,T1,1.02.01.07,Despesas Antecipadas,0.0
2017-03-31,T1,1.02.01.08,Créditos com Partes Relacionadas,0.0
2017-03-31,T1,1.02.01.08.01,Créditos com Coligadas,0.0
2017-03-31,T1,1.02.01.08.03,Créditos com Controladores,0.0
2017-03-31,T1,1.02.01.08.04,Créditos com Outras Partes Relacionadas,0.0
2017-03-31,T1,1.02.01.09,Outros Ativos Não Circulantes,43712.0
2017-03-31,T1,1.02.01.09.01,Ativos Não-Correntes a Venda,0.0
2017-03-31,T1,1.02.01.09.02,Ativos de Operações Descontinuadas,0.0
2017-03-31,T1,1.02.01.09.03,Bens Disponíveis para Venda,1066.0
2017-03-31,T1,1.02.01.09.05,Outros,28143.0
2017-03-31,T1,1.02.01.09.06,Operações com Opção,1992.0
2017-03-31,T1,1.02.01.09.07,Contas a Receber - Aquisição de Empresas,0.0
2017-03-31,T1,1.02.01.09.08,Tributos a Recuperar,12511.0
2017-03-31,T1,1.02.02,Investimentos,0.0
2017-03-31,T1,1.02.02.01,Participações Societárias,0.0
2017-03-31,T1,1.02.02.01.01,Participações em Coligadas,0.0
2017-03-31,T1,1.02.02.01.04,Outras Participações Societárias,0.0
2017-03-31,T1,1.02.02.02,Propriedades para Investimento,0.0
2017-03-31,T1,1.02.03,Imobilizado,20163.0
2017-03-31,T1,1.02.03.01,Imobilizado em Operação,20163.0
2017-03-31,T1,1.02.03.02,Imobilizado Arrendado,0.0
2017-03-31,T1,1.02.03.03,Imobilizado em Andamento,0.0
2017-03-31,T1,1.02.04,Intangível,257065.0
2017-03-31,T1,1.02.04.01,Intangíveis,257065.0
2017-03-31,T1,1.02.04.01.01,Contrato de Concessão,0.0
2017-03-31,T1,1.02.04.01.02,Vida útil indefinida,248801.0
2017-03-31,T1,1.02.04.01.03,Vida útil definida,8264.0
2017-03-31,T1,1.02.04.02,Goodwill,0.0
2017-06-30,T2,1,Ativo Total,387161.0
2017-06-30,T2,1.01,Ativo Circulante,58990.0
2017-06-30,T2,1.01.01,Caixa e Equivalentes de Caixa,11111.0
2017-06-30,T2,1.01.02,Aplicações Financeiras,5599.0
2017-06-30,T2,1.01.02.01,Aplicações Financeiras Avaliadas a Valor Justo,0.0
2017-06-30,T2,1.01.02.01.01,Títulos para Negociação,0.0
2017-06-30,T2,1.01.02.01.02,Títulos Disponíveis para Venda,0.0
2017-06-30,T2,1.01.02.02,Aplicações Financeiras Avaliadas ao Custo Amortizado,0.0
2017-06-30,T2,1.01.02.02.01,Títulos Mantidos até o Vencimento,0.0
2017-06-30,T2,1.01.03,Contas a Receber,12899.0
2017-06-30,T2,1.01.03.01,Clientes,12899.0
2017-06-30,T2,1.01.03.02,Outras Contas a Receber,0.0
2017-06-30,T2,1.01.04,Estoques,0.0
2017-06-30,T2,1.01.05,Ativos Biológicos,0.0
2017-06-30,T2,1.01.06,Tributos a Recuperar,5542.0
2017-06-30,T2,1.01.06.01,Tributos Correntes a Recuperar,5542.0
2017-06-30,T2,1.01.07,Despesas Antecipadas,3451.0
2017-06-30,T2,1.01.08,Outros Ativos Circulantes,20388.0
2017-06-30,T2,1.01.08.01,Ativos Não-Correntes a Venda,0.0
2017-06-30,T2,1.01.08.02,Ativos de Operações Descontinuadas,0.0
2017-06-30,T2,1.01.08.03,Outros,20388.0
2017-06-30,T2,1.01.08.03.01,Outros Créditos,16894.0
2017-06-30,T2,1.01.08.03.02,Adiantamento a Fornecedores,139.0
2017-06-30,T2,1.01.08.03.03,Operacões com Opção,3355.0
2017-06-30,T2,1.02,Ativo Não Circulante,328171.0
2017-06-30,T2,1.02.01,Ativo Realizável a Longo Prazo,56331.0
2017-06-30,T2,1.02.01.01,Aplicações Financeiras Avaliadas a Valor Justo,13592.0
2017-06-30,T2,1.02.01.01.01,Títulos para Negociação,0.0
2017-06-30,T2,1.02.01.01.02,Títulos Disponíveis para Venda,0.0
2017-06-30,T2,1.02.01.02,Aplicações Financeiras Avaliadas ao Custo Amortizado,0.0
2017-06-30,T2,1.02.01.02.01,Títulos Mantidos até o Vencimento,0.0
2017-06-30,T2,1.02.01.03,Contas a Receber,745.0
2017-06-30,T2,1.02.01.03.01,Clientes,745.0
2017-06-30,T2,1.02.01.03.02,Outras Contas a Receber,0.0
2017-06-30,T2,1.02.01.04,Estoques,0.0
2017-06-30,T2,1.02.01.05,Ativos Biológicos,0.0
2017-06-30,T2,1.02.01.06,Tributos Diferidos,0.0
2017-06-30,T2,1.02.01.06.01,Imposto de Renda e Contribuição Social Diferidos,0.0
2017-06-30,T2,1.02.01.07,Despesas Antecipadas,0.0
2017-06-30,T2,1.02.01.08,Créditos com Partes Relacionadas,0.0
2017-06-30,T2,1.02.01.08.01,Créditos com Coligadas,0.0
2017-06-30,T2,1.02.01.08.03,Créditos com Controladores,0.0
2017-06-30,T2,1.02.01.08.04,Créditos com Outras Partes Relacionadas,0.0
2017-06-30,T2,1.02.01.09,Outros Ativos Não Circulantes,41994.0
2017-06-30,T2,1.02.01.09.01,Ativos Não-Correntes a Venda,0.0
2017-06-30,T2,1.02.01.09.02,Ativos de Operações Descontinuadas,0.0
2017-06-30,T2,1.02.01.09.03,Bens Disponíveis para Venda,760.0
2017-06-30,T2,1.02.01.09.05,Outros,28723.0
2017-06-30,T2,1.02.01.09.06,Operações com Opção,0.0
2017-06-30,T2,1.02.01.09.07,Contas a Receber - Aquisição de Empresas,0.0
2017-06-30,T2,1.02.01.09.08,Tributos a Recuperar,12511.0
2017-06-30,T2,1.02.02,Investimentos,0.0
2017-06-30,T2,1.02.02.01,Participações Societárias,0.0
2017-06-30,T2,1.02.02.01.01,Participações em Coligadas,0.0
2017-06-30,T2,1.02.02.01.04,Outras Participações Societárias,0.0
2017-06-30,T2,1.02.02.02,Propriedades para Investimento,0.0
2017-06-30,T2,1.02.03,Imobilizado,18552.0
2017-06-30,T2,1.02.03.01,Imobilizado em Operação,18552.0
2017-06-30,T2,1.02.03.02,Imobilizado Arrendado,0.0
2017-06-30,T2,1.02.03.03,Imobilizado em Andamento,0.0
2017-06-30,T2,1.02.04,Intangível,253288.0
2017-06-30,T2,1.02.04.01,Intangíveis,253288.0
2017-06-30,T2,1.02.04.01.01,Contrato de Concessão,0.0
2017-06-30,T2,1.02.04.01.02,Vida útil indefinida,245278.0
2017-06-30,T2,1.02.04.01.03,Vida útil definida,8010.0
2017-06-30,T2,1.02.04.02,Goodwill,0.0
2017-09-30,T3,1,Ativo Total,437872.0
2017-09-30,T3,1.01,Ativo Circulante,94293.0
2017-09-30,T3,1.01.01,Caixa e Equivalentes de Caixa,8199.0
2017-09-30,T3,1.01.02,Aplicações Financeiras,41300.0
2017-09-30,T3,1.01.02.01,Aplicações Financeiras Avaliadas a Valor Justo,0.0
2017-09-30,T3,1.01.02.01.01,Títulos para Negociação,0.0
2017-09-30,T3,1.01.02.01.02,Títulos Disponíveis para Venda,0.0
2017-09-30,T3,1.01.02.02,Aplicações Financeiras Avaliadas ao Custo Amortizado,0.0
2017-09-30,T3,1.01.02.02.01,Títulos Mantidos até o Vencimento,0.0
2017-09-30,T3,1.01.03,Contas a Receber,15761.0
2017-09-30,T3,1.01.03.01,Clientes,15761.0
2017-09-30,T3,1.01.03.02,Outras Contas a Receber,0.0
2017-09-30,T3,1.01.04,Estoques,0.0
2017-09-30,T3,1.01.05,Ativos Biológicos,0.0
2017-09-30,T3,1.01.06,Tributos a Recuperar,5097.0
2017-09-30,T3,1.01.06.01,Tributos Correntes a Recuperar,5097.0
2017-09-30,T3,1.01.07,Despesas Antecipadas,3263.0
2017-09-30,T3,1.01.08,Outros Ativos Circulantes,20673.0
2017-09-30,T3,1.01.08.01,Ativos Não-Correntes a Venda,0.0
2017-09-30,T3,1.01.08.02,Ativos de Operações Descontinuadas,0.0
2017-09-30,T3,1.01.08.03,Outros,20673.0
2017-09-30,T3,1.01.08.03.01,Outros Créditos,17082.0
2017-09-30,T3,1.01.08.03.02,Adiantamento a Fornecedores,236.0
2017-09-30,T3,1.01.08.03.03,Operacões com Opção,3355.0
2017-09-30,T3,1.02,Ativo Não Circulante,343579.0
2017-09-30,T3,1.02.01,Ativo Realizável a Longo Prazo,73666.0
2017-09-30,T3,1.02.01.01,Aplicações Financeiras Avaliadas a Valor Justo,29758.0
2017-09-30,T3,1.02.01.01.01,Títulos para Negociação,0.0
2017-09-30,T3,1.02.01.01.02,Títulos Disponíveis para Venda,0.0
2017-09-30,T3,1.02.01.02,Aplicações Financeiras Avaliadas ao Custo Amortizado,0.0
2017-09-30,T3,1.02.01.02.01,Títulos Mantidos até o Vencimento,0.0
2017-09-30,T3,1.02.01.03,Contas a Receber,586.0
2017-09-30,T3,1.02.01.03.01,Clientes,586.0
2017-09-30,T3,1.02.01.03.02,Outras Contas a Receber,0.0
2017-09-30,T3,1.02.01.04,Estoques,0.0
2017-09-30,T3,1.02.01.05,Ativos Biológicos,0.0
2017-09-30,T3,1.02.01.06,Tributos Diferidos,0.0
2017-09-30,T3,1.02.01.06.01,Imposto de Renda e Contribuição Social Diferidos,0.0
2017-09-30,T3,1.02.01.07,Despesas Antecipadas,0.0
2017-09-30,T3,1.02.01.08,Créditos com Partes Relacionadas,0.0
2017-09-30,T3,1.02.01.08.01,Créditos com Coligadas,0.0
2017-09-30,T3,1.02.01.08.03,Créditos com Controladores,0.0
2017-09-30,T3,1.02.01.08.04,Créditos com Outras Partes Relacionadas,0.0
2017-09-30,T3,1.02.01.09,Outros Ativos Não Circulantes,43322.0
2017-09-30,T3,1.02.01.09.01,Ativos Não-Correntes a Venda,0.0
2017-09-30,T3,1.02.01.09.02,Ativos de Operações Descontinuadas,0.0
2017-09-30,T3,1.02.01.09.03,Bens Disponíveis para Venda,760.0
2017-09-30,T3,1.02.01.09.05,Outros,30051.0
2017-09-30,T3,1.02.01.09.06,Operações com Opção,0.0
2017-09-30,T3,1.02.01.09.07,Contas a Receber - Aquisição de Empresas,0.0
2017-09-30,T3,1.02.01.09.08,Tributos a Recuperar,12511.0
2017-09-30,T3,1.02.02,Investimentos,0.0
2017-09-30,T3,1.02.02.01,Participações Societárias,0.0
2017-09-30,T3,1.02.02.01.01,Participações em Coligadas,0.0
2017-09-30,T3,1.02.02.01.04,Outras Participações Societárias,0.0
2017-09-30,T3,1.02.02.02,Propriedades para Investimento,0.0
2017-09-30,T3,1.02.03,Imobilizado,16870.0
2017-09-30,T3,1.02.03.01,Imobilizado em Operação,16870.0
2017-09-30,T3,1.02.03.02,Imobilizado Arrendado,0.0
2017-09-30,T3,1.02.03.03,Imobilizado em Andamento,0.0
2017-09-30,T3,1.02.04,Intangível,253043.0
2017-09-30,T3,1.02.04.01,Intangíveis,253043.0
2017-09-30,T3,1.02.04.01.01,Contrato de Concessão,0.0
2017-09-30,T3,1.02.04.01.02,Vida útil indefinida,244999.0
2017-09-30,T3,1.02.04.01.03,Vida útil definida,8044.0
2017-09-30,T3,1.02.04.02,Goodwill,0.0
2018-03-31,T1,1,Ativo Total,357343.0
2018-03-31,T1,1.01,Ativo Circulante,61563.0
2018-03-31,T1,1.01.01,Caixa e Equivalentes de Caixa,32101.0
2018-03-31,T1,1.01.02,Aplicações Financeiras,0.0
2018-03-31,T1,1.01.02.01,Aplicações Financeiras Avaliadas a Valor Justo,0.0
2018-03-31,T1,1.01.02.01.01,Títulos para Negociação,0.0
2018-03-31,T1,1.01.02.01.02,Títulos Disponíveis para Venda,0.0
2018-03-31,T1,1.01.02.02,Aplicações Financeiras Avaliadas ao Custo Amortizado,0.0
2018-03-31,T1,1.01.02.02.01,Títulos Mantidos até o Vencimento,0.0
2018-03-31,T1,1.01.03,Contas a Receber,14632.0
2018-03-31,T1,1.01.03.01,Clientes,14632.0
2018-03-31,T1,1.01.03.02,Outras Contas a Receber,0.0
2018-03-31,T1,1.01.04,Estoques,0.0
2018-03-31,T1,1.01.05,Ativos Biológicos,0.0
2018-03-31,T1,1.01.06,Tributos a Recuperar,4100.0
2018-03-31,T1,1.01.06.01,Tributos Correntes a Recuperar,4100.0
2018-03-31,T1,1.01.07,Despesas Antecipadas,2741.0
2018-03-31,T1,1.01.08,Outros Ativos Circulantes,7989.0
2018-03-31,T1,1.01.08.01,Ativos Não-Correntes a Venda,0.0
2018-03-31,T1,1.01.08.02,Ativos de Operações Descontinuadas,0.0
2018-03-31,T1,1.01.08.03,Outros,7989.0
2018-03-31,T1,1.01.08.03.01,Outros Créditos,7550.0
2018-03-31,T1,1.01.08.03.02,Adiantamento a Fornecedores,439.0
2018-03-31,T1,1.01.08.03.03,Operações com Opção,0.0
2018-03-31,T1,1.02,Ativo Não Circulante,295780.0
2018-03-31,T1,1.02.01,Ativo Realizável a Longo Prazo,47798.0
2018-03-31,T1,1.02.01.01,Aplicações Financeiras Avaliadas a Valor Justo,0.0
2018-03-31,T1,1.02.01.01.01,Títulos para Negociação,0.0
2018-03-31,T1,1.02.01.01.02,Títulos Disponíveis para Venda,0.0
2018-03-31,T1,1.02.01.02,Aplicações Financeiras Avaliadas ao Custo Amortizado,0.0
2018-03-31,T1,1.02.01.02.01,Títulos Mantidos até o Vencimento,0.0
2018-03-31,T1,1.02.01.03,Contas a Receber,250.0
2018-03-31,T1,1.02.01.03.01,Clientes,250.0
2018-03-31,T1,1.02.01.03.02,Outras Contas a Receber,0.0
2018-03-31,T1,1.02.01.04,Estoques,0.0
2018-03-31,T1,1.02.01.05,Ativos Biológicos,0.0
2018-03-31,T1,1.02.01.06,Tributos Diferidos,0.0
2018-03-31,T1,1.02.01.06.01,Imposto de Renda e Contribuição Social Diferidos,0.0
2018-03-31,T1,1.02.01.07,Despesas Antecipadas,0.0
2018-03-31,T1,1.02.01.08,Créditos com Partes Relacionadas,0.0
2018-03-31,T1,1.02.01.08.01,Créditos com Coligadas,0.0
2018-03-31,T1,1.02.01.08.03,Créditos com Controladores,0.0
2018-03-31,T1,1.02.01.08.04,Créditos com Outras Partes Relacionadas,0.0
2018-03-31,T1,1.02.01.09,Outros Ativos Não Circulantes,47548.0
2018-03-31,T1,1.02.01.09.01,Ativos Não-Correntes a Venda,0.0
2018-03-31,T1,1.02.01.09.02,Ativos de Operações Descontinuadas,0.0
2018-03-31,T1,1.02.01.09.03,Bens Disponíveis para Venda,760.0
2018-03-31,T1,1.02.01.09.04,Outros,34764.0
2018-03-31,T1,1.02.01.09.05,Operações com Opção,0.0
2018-03-31,T1,1.02.01.09.06,Tributos a Recuperar,12024.0
2018-03-31,T1,1.02.02,Investimentos,0.0
2018-03-31,T1,1.02.02.01,Participações Societárias,0.0
2018-03-31,T1,1.02.02.01.01,Participações em Coligadas,0.0
2018-03-31,T1,1.02.02.01.04,Outras Participações Societárias,0.0
2018-03-31,T1,1.02.02.02,Propriedades para Investimento,0.0
2018-03-31,T1,1.02.03,Imobilizado,15495.0
2018-03-31,T1,1.02.03.01,Imobilizado em Operação,15495.0
2018-03-31,T1,1.02.03.02,Imobilizado Arrendado,0.0
2018-03-31,T1,1.02.03.03,Imobilizado em Andamento,0.0
2018-03-31,T1,1.02.04,Intangível,232487.0
2018-03-31,T1,1.02.04.01,Intangíveis,232487.0
2018-03-31,T1,1.02.04.01.01,Contrato de Concessão,0.0
2018-03-31,T1,1.02.04.01.02,Vida Útil indefinida,225595.0
2018-03-31,T1,1.02.04.01.03,Vida Útil definida,6892.0
2018-03-31,T1,1.02.04.02,Goodwill,0.0
2018-06-30,T2,1,Ativo Total,365448.0
2018-06-30,T2,1.01,Ativo Circulante,77367.0
2018-06-30,T2,1.01.01,Caixa e Equivalentes de Caixa,46071.0
2018-06-30,T2,1.01.02,Aplicações Financeiras,0.0
2018-06-30,T2,1.01.02.01,Aplicações Financeiras Avaliadas a Valor Justo através do Resultado,0.0
2018-06-30,T2,1.01.02.01.01,Títulos para Negociação,0.0
2018-06-30,T2,1.01.02.01.02,Títulos Designados a Valor Justo,0.0
2018-06-30,T2,1.01.02.02,Aplicações Financeiras Avaliadas a Valor Justo através de Outros Resultados Abrangentes,0.0
2018-06-30,T2,1.01.02.03,Aplicações Financeiras Avaliadas ao Custo Amortizado,0.0
2018-06-30,T2,1.01.03,Contas a Receber,16532.0
2018-06-30,T2,1.01.03.01,Clientes,16532.0
2018-06-30,T2,1.01.03.02,Outras Contas a Receber,0.0
2018-06-30,T2,1.01.04,Estoques,0.0
2018-06-30,T2,1.01.05,Ativos Biológicos,0.0
2018-06-30,T2,1.01.06,Tributos a Recuperar,3609.0
2018-06-30,T2,1.01.06.01,Tributos Correntes a Recuperar,3609.0
2018-06-30,T2,1.01.07,Despesas Antecipadas,2723.0
2018-06-30,T2,1.01.08,Outros Ativos Circulantes,8432.0
2018-06-30,T2,1.01.08.01,Ativos Não-Correntes a Venda,0.0
2018-06-30,T2,1.01.08.02,Ativos de Operações Descontinuadas,0.0
2018-06-30,T2,1.01.08.03,Outros,8432.0
2018-06-30,T2,1.01.08.03.01,Outros Créditos,7873.0
2018-06-30,T2,1.01.08.03.02,Adiantamento a Fornecedor,559.0
2018-06-30,T2,1.02,Ativo Não Circulante,288081.0
2018-06-30,T2,1.02.01,Ativo Realizável a Longo Prazo,41926.0
2018-06-30,T2,1.02.01.01,Aplicações Financeiras Avaliadas a Valor Justo através do Resultado,0.0
2018-06-30,T2,1.02.01.01.01,Títulos Designados a Valor Justo,0.0
2018-06-30,T2,1.02.01.02,Aplicações Financeiras Avaliadas a Valor Justo através de Outros Resultados Abrangentes,0.0
2018-06-30,T2,1.02.01.03,Aplicações Financeiras Avaliadas ao Custo Amortizado,0.0
2018-06-30,T2,1.02.01.04,Contas a Receber,319.0
2018-06-30,T2,1.02.01.04.01,Clientes,319.0
2018-06-30,T2,1.02.01.04.02,Outras Contas a Receber,0.0
2018-06-30,T2,1.02.01.05,Estoques,0.0
2018-06-30,T2,1.02.01.06,Ativos Biológicos,0.0
2018-06-30,T2,1.02.01.07,Tributos Diferidos,0.0
2018-06-30,T2,1.02.01.07.01,Imposto de Renda e Contribuição Social Diferidos,0.0
2018-06-30,T2,1.02.01.08,Despesas Antecipadas,0.0
2018-06-30,T2,1.02.01.09,Créditos com Partes Relacionadas,0.0
2018-06-30,T2,1.02.01.09.01,Créditos com Coligadas,0.0
2018-06-30,T2,1.02.01.09.03,Créditos com Controladores,0.0
2018-06-30,T2,1.02.01.09.04,Créditos com Outras Partes Relacionadas,0.0
2018-06-30,T2,1.02.01.10,Outros Ativos Não Circulantes,41607.0
2018-06-30,T2,1.02.01.10.01,Ativos Não-Correntes a Venda,0.0
2018-06-30,T2,1.02.01.10.02,Ativos de Operações Descontinuadas,0.0
2018-06-30,T2,1.02.01.10.03,Bens Disponíveis para Venda,760.0
2018-06-30,T2,1.02.01.10.04,Outros,28823.0
2018-06-30,T2,1.02.01.10.05,Tributos a Recuperar,12024.0
2018-06-30,T2,1.02.02,Investimentos,0.0
2018-06-30,T2,1.02.02.01,Participações Societárias,0.0
2018-06-30,T2,1.02.02.01.01,Participações em Coligadas,0.0
2018-06-30,T2,1.02.02.01.04,Participações em Controladas em Conjunto,0.0
2018-06-30,T2,1.02.02.02,Propriedades para Investimento,0.0
2018-06-30,T2,1.02.03,Imobilizado,13632.0
2018-06-30,T2,1.02.03.01,Imobilizado em Operação,13632.0
2018-06-30,T2,1.02.03.02,Direito de Uso em Arrendamento,0.0
2018-06-30,T2,1.02.03.03,Imobilizado em Andamento,0.0
2018-06-30,T2,1.02.04,Intangível,232523.0
2018-06-30,T2,1.02.04.01,Intangíveis,232523.0
2018-06-30,T2,1.02.04.01.01,Contrato de Concessão,0.0
2018-06-30,T2,1.02.04.01.02,Vida Útil Indefinida,225595.0
2018-06-30,T2,1.02.04.01.03,Vida Útil Definida,6928.0
2018-06-30,T2,1.02.04.02,Goodwill,0.0
2018-09-30,T3,1,Ativo Total,378635.0
2018-09-30,T3,1.01,Ativo Circulante,91063.0
2018-09-30,T3,1.01.01,Caixa e Equivalentes de Caixa,61764.0
2018-09-30,T3,1.01.02,Aplicações Financeiras,0.0
2018-09-30,T3,1.01.02.01,Aplicações Financeiras Avaliadas a Valor Justo através do Resultado,0.0
2018-09-30,T3,1.01.02.01.01,Títulos para Negociação,0.0
2018-09-30,T3,1.01.02.01.02,Títulos Designados a Valor Justo,0.0
2018-09-30,T3,1.01.02.02,Aplicações Financeiras Avaliadas a Valor Justo através de Outros Resultados Abrangentes,0.0
2018-09-30,T3,1.01.02.03,Aplicações Financeiras Avaliadas ao Custo Amortizado,0.0
2018-09-30,T3,1.01.03,Contas a Receber,14493.0
2018-09-30,T3,1.01.03.01,Clientes,14493.0
2018-09-30,T3,1.01.03.02,Outras Contas a Receber,0.0
2018-09-30,T3,1.01.04,Estoques,0.0
2018-09-30,T3,1.01.05,Ativos Biológicos,0.0
2018-09-30,T3,1.01.06,Tributos a Recuperar,1718.0
2018-09-30,T3,1.01.06.01,Tributos Correntes a Recuperar,1718.0
2018-09-30,T3,1.01.07,Despesas Antecipadas,2465.0
2018-09-30,T3,1.01.08,Outros Ativos Circulantes,10623.0
2018-09-30,T3,1.01.08.01,Ativos Não-Correntes a Venda,1875.0
2018-09-30,T3,1.01.08.01.01,Ativos Classificados como Mantido para Venda,1875.0
2018-09-30,T3,1.01.08.02,Ativos de Operações Descontinuadas,0.0
2018-09-30,T3,1.01.08.03,Outros,8748.0
2018-09-30,T3,1.01.08.03.01,Outros Créditos,8311.0
2018-09-30,T3,1.01.08.03.02,Adiantamento a Fornecedor,437.0
2018-09-30,T3,1.02,Ativo Não Circulante,287572.0
2018-09-30,T3,1.02.01,Ativo Realizável a Longo Prazo,43406.0
2018-09-30,T3,1.02.01.01,Aplicações Financeiras Avaliadas a Valor Justo através do Resultado,0.0
2018-09-30,T3,1.02.01.01.01,Títulos Designados a Valor Justo,0.0
2018-09-30,T3,1.02.01.02,Aplicações Financeiras Avaliadas a Valor Justo através de Outros Resultados Abrangentes,0.0
2018-09-30,T3,1.02.01.03,Aplicações Financeiras Avaliadas ao Custo Amortizado,0.0
2018-09-30,T3,1.02.01.04,Contas a Receber,262.0
2018-09-30,T3,1.02.01.04.01,Clientes,262.0
2018-09-30,T3,1.02.01.04.02,Outras Contas a Receber,0.0
2018-09-30,T3,1.02.01.05,Estoques,0.0
2018-09-30,T3,1.02.01.06,Ativos Biológicos,0.0
2018-09-30,T3,1.02.01.07,Tributos Diferidos,0.0
2018-09-30,T3,1.02.01.07.01,Imposto de Renda e Contribuição Social Diferidos,0.0
2018-09-30,T3,1.02.01.08,Despesas Antecipadas,0.0
2018-09-30,T3,1.02.01.09,Créditos com Partes Relacionadas,0.0
2018-09-30,T3,1.02.01.09.01,Créditos com Coligadas,0.0
2018-09-30,T3,1.02.01.09.03,Créditos com Controladores,0.0
2018-09-30,T3,1.02.01.09.04,Créditos com Outras Partes Relacionadas,0.0
2018-09-30,T3,1.02.01.10,Outros Ativos Não Circulantes,43144.0
2018-09-30,T3,1.02.01.10.01,Ativos Não-Correntes a Venda,0.0
2018-09-30,T3,1.02.01.10.02,Ativos de Operações Descontinuadas,0.0
2018-09-30,T3,1.02.01.10.03,Bens Disponíveis para Venda,1135.0
2018-09-30,T3,1.02.01.10.04,Outros,29985.0
2018-09-30,T3,1.02.01.10.05,Tributos a Recuperar,12024.0
2018-09-30,T3,1.02.02,Investimentos,0.0
2018-09-30,T3,1.02.02.01,Participações Societárias,0.0
2018-09-30,T3,1.02.02.01.01,Participações em Coligadas,0.0
2018-09-30,T3,1.02.02.01.04,Participações em Controladas em Conjunto,0.0
2018-09-30,T3,1.02.02.02,Propriedades para Investimento,0.0
2018-09-30,T3,1.02.03,Imobilizado,12196.0
2018-09-30,T3,1.02.03.01,Imobilizado em Operação,12196.0
2018-09-30,T3,1.02.03.02,Direito de Uso em Arrendamento,0.0
2018-09-30,T3,1.02.03.03,Imobilizado em Andamento,0.0
2018-09-30,T3,1.02.04,Intangível,231970.0
2018-09-30,T3,1.02.04.01,Intangíveis,231970.0
2018-09-30,T3,1.02.04.01.01,Contrato de Concessão,0.0
2018-09-30,T3,1.02.04.01.02,Vida Útil Indefinida,225595.0
2018-09-30,T3,1.02.04.01.03,Vida Útil Definida,6375.0
2018-09-30,T3,1.02.04.02,Goodwill,0.0
2019-03-31,T1,1,Ativo Total,361162.0
2019-03-31,T1,1.01,Ativo Circulante,77371.0
2019-03-31,T1,1.01.01,Caixa e Equivalentes de Caixa,35308.0
2019-03-31,T1,1.01.02,Aplicações Financeiras,0.0
2019-03-31,T1,1.01.02.01,Aplicações Financeiras Avaliadas a Valor Justo,0.0
2019-03-31,T1,1.01.02.01.01,Títulos para Negociação,0.0
2019-03-31,T1,1.01.02.01.02,Títulos Disponíveis para Venda,0.0
2019-03-31,T1,1.01.02.02,Aplicações Financeiras Avaliadas ao Custo Amortizado,0.0
2019-03-31,T1,1.01.02.02.01,Títulos Mantidos até o Vencimento,0.0
2019-03-31,T1,1.01.03,Contas a Receber,29274.0
2019-03-31,T1,1.01.03.01,Clientes,29274.0
2019-03-31,T1,1.01.03.02,Outras Contas a Receber,0.0
2019-03-31,T1,1.01.04,Estoques,0.0
2019-03-31,T1,1.01.05,Ativos Biológicos,0.0
2019-03-31,T1,1.01.06,Tributos a Recuperar,6271.0
2019-03-31,T1,1.01.06.01,Tributos Correntes a Recuperar,6271.0
2019-03-31,T1,1.01.07,Despesas Antecipadas,2140.0
2019-03-31,T1,1.01.08,Outros Ativos Circulantes,4378.0
2019-03-31,T1,1.01.08.01,Ativos Não-Correntes a Venda,0.0
2019-03-31,T1,1.01.08.02,Ativos de Operações Descontinuadas,0.0
2019-03-31,T1,1.01.08.03,Outros,4378.0
2019-03-31,T1,1.01.08.03.01,Outros Créditos,4258.0
2019-03-31,T1,1.01.08.03.02,Adiantamento a Fornecedores,120.0
2019-03-31,T1,1.01.08.03.03,Operações com Opção,0.0
2019-03-31,T1,1.02,Ativo Não Circulante,283791.0
2019-03-31,T1,1.02.01,Ativo Realizável a Longo Prazo,58971.0
2019-03-31,T1,1.02.01.01,Aplicações Financeiras Avaliadas a Valor Justo,0.0
2019-03-31,T1,1.02.01.01.01,Títulos para Negociação,0.0
2019-03-31,T1,1.02.01.01.02,Títulos Disponíveis para Venda,0.0
2019-03-31,T1,1.02.01.02,Aplicações Financeiras Avaliadas ao Custo Amortizado,0.0
2019-03-31,T1,1.02.01.02.01,Títulos Mantidos até o Vencimento,0.0
2019-03-31,T1,1.02.01.03,Contas a Receber,223.0
2019-03-31,T1,1.02.01.03.01,Clientes,223.0
2019-03-31,T1,1.02.01.03.02,Outras Contas a Receber,0.0
2019-03-31,T1,1.02.01.04,Estoques,0.0
2019-03-31,T1,1.02.01.05,Ativos Biológicos,0.0
2019-03-31,T1,1.02.01.06,Tributos Diferidos,0.0
2019-03-31,T1,1.02.01.06.01,Imposto de Renda e Contribuição Social Diferidos,0.0
2019-03-31,T1,1.02.01.07,Despesas Antecipadas,0.0
2019-03-31,T1,1.02.01.08,Créditos com Partes Relacionadas,0.0
2019-03-31,T1,1.02.01.08.01,Créditos com Coligadas,0.0
2019-03-31,T1,1.02.01.08.03,Créditos com Controladores,0.0
2019-03-31,T1,1.02.01.08.04,Créditos com Outras Partes Relacionadas,0.0
2019-03-31,T1,1.02.01.09,Outros Ativos Não Circulantes,58748.0
2019-03-31,T1,1.02.01.09.01,Ativos Não-Correntes a Venda,0.0
2019-03-31,T1,1.02.01.09.02,Ativos de Operações Descontinuadas,0.0
2019-03-31,T1,1.02.01.09.03,Outros Créditos,27592.0
2019-03-31,T1,1.02.01.09.04,Operações com Opção,0.0
2019-03-31,T1,1.02.01.09.05,Tributos a Recuperar,5839.0
2019-03-31,T1,1.02.01.09.06,Bens Disponíveis para Venda,982.0
2019-03-31,T1,1.02.01.09.07,Direito de Uso em Arrendamento,24335.0
2019-03-31,T1,1.02.02,Investimentos,0.0
2019-03-31,T1,1.02.02.01,Participações Societárias,0.0
2019-03-31,T1,1.02.02.01.01,Participações em Coligadas,0.0
2019-03-31,T1,1.02.02.01.04,Outras Participações Societárias,0.0
2019-03-31,T1,1.02.02.02,Propriedades para Investimento,0.0
2019-03-31,T1,1.02.03,Imobilizado,10645.0
2019-03-31,T1,1.02.03.01,Imobilizado em Operação,10645.0
2019-03-31,T1,1.02.03.02,Imobilizado Arrendado,0.0
2019-03-31,T1,1.02.03.03,Imobilizado em Andamento,0.0
2019-03-31,T1,1.02.04,Intangível,214175.0
2019-03-31,T1,1.02.04.01,Intangíveis,214175.0
2019-03-31,T1,1.02.04.01.01,Contrato de Concessão,0.0
2019-03-31,T1,1.02.04.01.02,Vida útil indefinida,208361.0
2019-03-31,T1,1.02.04.01.03,Vida útil definida,5814.0
2019-03-31,T1,1.02.04.02,Goodwill,0.0
2019-06-30,T2,1,Ativo Total,456736.0
2019-06-30,T2,1.01,Ativo Circulante,124153.0
2019-06-30,T2,1.01.01,Caixa e Equivalentes de Caixa,17443.0
2019-06-30,T2,1.01.02,Aplicações Financeiras,70208.0
2019-06-30,T2,1.01.02.01,Aplicações Financeiras Avaliadas a Valor Justo através do Resultado,70208.0
2019-06-30,T2,1.01.02.01.01,Títulos para Negociação,0.0
2019-06-30,T2,1.01.02.01.02,Títulos Designados a Valor Justo,0.0
2019-06-30,T2,1.01.02.01.03,Títulos e Valores Mobiliários,70208.0
2019-06-30,T2,1.01.02.02,Aplicações Financeiras Avaliadas a Valor Justo através de Outros Resultados Abrangentes,0.0
2019-06-30,T2,1.01.02.03,Aplicações Financeiras Avaliadas ao Custo Amortizado,0.0
2019-06-30,T2,1.01.03,Contas a Receber,23590.0
2019-06-30,T2,1.01.03.01,Clientes,23590.0
2019-06-30,T2,1.01.03.02,Outras Contas a Receber,0.0
2019-06-30,T2,1.01.04,Estoques,0.0
2019-06-30,T2,1.01.05,Ativos Biológicos,0.0
2019-06-30,T2,1.01.06,Tributos a Recuperar,6075.0
2019-06-30,T2,1.01.06.01,Tributos Correntes a Recuperar,6075.0
2019-06-30,T2,1.01.07,Despesas Antecipadas,2360.0
2019-06-30,T2,1.01.08,Outros Ativos Circulantes,4477.0
2019-06-30,T2,1.01.08.01,Ativos Não-Correntes a Venda,0.0
2019-06-30,T2,1.01.08.02,Ativos de Operações Descontinuadas,0.0
2019-06-30,T2,1.01.08.03,Outros,4477.0
2019-06-30,T2,1.01.08.03.01,Outros Créditos,4363.0
2019-06-30,T2,1.01.08.03.02,Adiantamento a Fornecedores,114.0
2019-06-30,T2,1.02,Ativo Não Circulante,332583.0
2019-06-30,T2,1.02.01,Ativo Realizável a Longo Prazo,108923.0
2019-06-30,T2,1.02.01.01,Aplicações Financeiras Avaliadas a Valor Justo através do Resultado,0.0
2019-06-30,T2,1.02.01.01.01,Títulos Designados a Valor Justo,0.0
2019-06-30,T2,1.02.01.02,Aplicações Financeiras Avaliadas a Valor Justo através de Outros Resultados Abrangentes,0.0
2019-06-30,T2,1.02.01.03,Aplicações Financeiras Avaliadas ao Custo Amortizado,0.0
2019-06-30,T2,1.02.01.04,Contas a Receber,422.0
2019-06-30,T2,1.02.01.04.01,Clientes,422.0
2019-06-30,T2,1.02.01.04.02,Outras Contas a Receber,0.0
2019-06-30,T2,1.02.01.05,Estoques,0.0
2019-06-30,T2,1.02.01.06,Ativos Biológicos,0.0
2019-06-30,T2,1.02.01.07,Tributos Diferidos,0.0
2019-06-30,T2,1.02.01.07.01,Imposto de Renda e Contribuição Social Diferidos,0.0
2019-06-30,T2,1.02.01.08,Despesas Antecipadas,0.0
2019-06-30,T2,1.02.01.09,Créditos com Partes Relacionadas,0.0
2019-06-30,T2,1.02.01.09.01,Créditos com Coligadas,0.0
2019-06-30,T2,1.02.01.09.03,Créditos com Controladores,0.0
2019-06-30,T2,1.02.01.09.04,Créditos com Outras Partes Relacionadas,0.0
2019-06-30,T2,1.02.01.10,Outros Ativos Não Circulantes,108501.0
2019-06-30,T2,1.02.01.10.01,Ativos Não-Correntes a Venda,0.0
2019-06-30,T2,1.02.01.10.02,Ativos de Operações Descontinuadas,0.0
2019-06-30,T2,1.02.01.10.03,Outros Créditos,25867.0
2019-06-30,T2,1.02.01.10.05,Tributos a Recuperar,5442.0
2019-06-30,T2,1.02.01.10.06,Bens Disponíveis para Venda,742.0
2019-06-30,T2,1.02.01.10.07,Direito de Uso em Arrendamento,24376.0
2019-06-30,T2,1.02.01.10.08,Títulos e Valores Mobiliários,52074.0
2019-06-30,T2,1.02.02,Investimentos,0.0
2019-06-30,T2,1.02.02.01,Participações Societárias,0.0
2019-06-30,T2,1.02.02.01.01,Participações em Coligadas,0.0
2019-06-30,T2,1.02.02.01.04,Participações em Controladas em Conjunto,0.0
2019-06-30,T2,1.02.02.01.05,Outros Investimentos,0.0
2019-06-30,T2,1.02.02.02,Propriedades para Investimento,0.0
2019-06-30,T2,1.02.03,Imobilizado,9523.0
2019-06-30,T2,1.02.03.01,Imobilizado em Operação,9523.0
2019-06-30,T2,1.02.03.02,Direito de Uso em Arrendamento,0.0
2019-06-30,T2,1.02.03.03,Imobilizado em Andamento,0.0
2019-06-30,T2,1.02.04,Intangível,214137.0
2019-06-30,T2,1.02.04.01,Intangíveis,214137.0
2019-06-30,T2,1.02.04.01.01,Contrato de Concessão,0.0
2019-06-30,T2,1.02.04.01.02,Vida útil indefinida,208361.0
2019-06-30,T2,1.02.04.01.03,Vida útil definida,5776.0
2019-06-30,T2,1.02.04.02,Goodwill,0.0
2019-09-30,T3,1,Ativo Total,432325.0
2019-09-30,T3,1.01,Ativo Circulante,116044.0
2019-09-30,T3,1.01.01,Caixa e Equivalentes de Caixa,12159.0
2019-09-30,T3,1.01.02,Aplicações Financeiras,67001.0
2019-09-30,T3,1.01.02.01,Aplicações Financeiras Avaliadas a Valor Justo através do Resultado,67001.0
2019-09-30,T3,1.01.02.01.01,Títulos para Negociação,0.0
2019-09-30,T3,1.01.02.01.02,Títulos Designados a Valor Justo,0.0
2019-09-30,T3,1.01.02.01.03,Títulos e Valores Mobiliários,67001.0
2019-09-30,T3,1.01.02.02,Aplicações Financeiras Avaliadas a Valor Justo através de Outros Resultados Abrangentes,0.0
2019-09-30,T3,1.01.02.03,Aplicações Financeiras Avaliadas ao Custo Amortizado,0.0
2019-09-30,T3,1.01.03,Contas a Receber,23673.0
2019-09-30,T3,1.01.03.01,Clientes,23673.0
2019-09-30,T3,1.01.03.02,Outras Contas a Receber,0.0
2019-09-30,T3,1.01.04,Estoques,0.0
2019-09-30,T3,1.01.05,Ativos Biológicos,0.0
2019-09-30,T3,1.01.06,Tributos a Recuperar,5125.0
2019-09-30,T3,1.01.06.01,Tributos Correntes a Recuperar,5125.0
2019-09-30,T3,1.01.07,Despesas Antecipadas,2544.0
2019-09-30,T3,1.01.08,Outros Ativos Circulantes,5542.0
2019-09-30,T3,1.01.08.01,Ativos Não-Correntes a Venda,0.0
2019-09-30,T3,1.01.08.02,Ativos de Operações Descontinuadas,0.0
2019-09-30,T3,1.01.08.03,Outros,5542.0
2019-09-30,T3,1.01.08.03.01,Outros Créditos,4745.0
2019-09-30,T3,1.01.08.03.02,Adiantamento a Fornecedores,797.0
2019-09-30,T3,1.02,Ativo Não Circulante,316281.0
2019-09-30,T3,1.02.01,Ativo Realizável a Longo Prazo,70533.0
2019-09-30,T3,1.02.01.01,Aplicações Financeiras Avaliadas a Valor Justo através do Resultado,0.0
2019-09-30,T3,1.02.01.01.01,Títulos Designados a Valor Justo,0.0
2019-09-30,T3,1.02.01.02,Aplicações Financeiras Avaliadas a Valor Justo através de Outros Resultados Abrangentes,0.0
2019-09-30,T3,1.02.01.03,Aplicações Financeiras Avaliadas ao Custo Amortizado,0.0
2019-09-30,T3,1.02.01.04,Contas a Receber,451.0
2019-09-30,T3,1.02.01.04.01,Clientes,451.0
2019-09-30,T3,1.02.01.04.02,Outras Contas a Receber,0.0
2019-09-30,T3,1.02.01.05,Estoques,0.0
2019-09-30,T3,1.02.01.06,Ativos Biológicos,0.0
2019-09-30,T3,1.02.01.07,Tributos Diferidos,0.0
2019-09-30,T3,1.02.01.07.01,Imposto de Renda e Contribuição Social Diferidos,0.0
2019-09-30,T3,1.02.01.08,Despesas Antecipadas,0.0
2019-09-30,T3,1.02.01.09,Créditos com Partes Relacionadas,0.0
2019-09-30,T3,1.02.01.09.01,Créditos com Coligadas,0.0
2019-09-30,T3,1.02.01.09.03,Créditos com Controladores,0.0
2019-09-30,T3,1.02.01.09.04,Créditos com Outras Partes Relacionadas,0.0
2019-09-30,T3,1.02.01.10,Outros Ativos Não Circulantes,70082.0
2019-09-30,T3,1.02.01.10.01,Ativos Não-Correntes a Venda,0.0
2019-09-30,T3,1.02.01.10.02,Ativos de Operações Descontinuadas,0.0
2019-09-30,T3,1.02.01.10.03,Outros Créditos,22828.0
2019-09-30,T3,1.02.01.10.05,Tributos a Recuperar,5400.0
2019-09-30,T3,1.02.01.10.06,Bens Disponíveis para Venda,1107.0
2019-09-30,T3,1.02.01.10.07,Direito de Uso em Arrendamento,0.0
2019-09-30,T3,1.02.01.10.08,Títulos e Valores Mobiliários,40747.0
2019-09-30,T3,1.02.02,Investimentos,0.0
2019-09-30,T3,1.02.02.01,Participações Societárias,0.0
2019-09-30,T3,1.02.02.01.01,Participações em Coligadas,0.0
2019-09-30,T3,1.02.02.01.04,Participações em Controladas em Conjunto,0.0
2019-09-30,T3,1.02.02.01.05,Outros Investimentos,0.0
2019-09-30,T3,1.02.02.02,Propriedades para Investimento,0.0
2019-09-30,T3,1.02.03,Imobilizado,31573.0
2019-09-30,T3,1.02.03.01,Imobilizado em Operação,9747.0
2019-09-30,T3,1.02.03.02,Direito de Uso em Arrendamento,21826.0
2019-09-30,T3,1.02.03.03,Imobilizado em Andamento,0.0
2019-09-30,T3,1.02.04,Intangível,214175.0
2019-09-30,T3,1.02.04.01,Intangíveis,214175.0
2019-09-30,T3,1.02.04.01.01,Contrato de Concessão,0.0
2019-09-30,T3,1.02.04.01.02,Vida útil indefinida,208361.0
2019-09-30,T3,1.02.04.01.03,Vida útil definida,5814.0
2019-09-30,T3,1.02.04.02,Goodwill,0.0
2020-03-31,T1,1,Ativo Total,325644.0
2020-03-31,T1,1.01,Ativo Circulante,89170.0
2020-03-31,T1,1.01.01,Caixa e Equivalentes de Caixa,7694.0
2020-03-31,T1,1.01.02,Aplicações Financeiras,41274.0
2020-03-31,T1,1.01.02.01,Aplicações Financeiras Avaliadas a Valor Justo através do Resultado,41274.0
2020-03-31,T1,1.01.02.01.01,Títulos para Negociação,0.0
2020-03-31,T1,1.01.02.01.02,Títulos Designados a Valor Justo,0.0
2020-03-31,T1,1.01.02.01.03,Títulos e Valores Mobiliários,41274.0
2020-03-31,T1,1.01.02.02,Aplicações Financeiras Avaliadas a Valor Justo através de Outros Resultados Abrangentes,0.0
2020-03-31,T1,1.01.02.03,Aplicações Financeiras Avaliadas ao Custo Amortizado,0.0
2020-03-31,T1,1.01.03,Contas a Receber,26979.0
2020-03-31,T1,1.01.03.01,Clientes,26979.0
2020-03-31,T1,1.01.03.02,Outras Contas a Receber,0.0
2020-03-31,T1,1.01.04,Estoques,0.0
2020-03-31,T1,1.01.05,Ativos Biológicos,0.0
2020-03-31,T1,1.01.06,Tributos a Recuperar,4871.0
2020-03-31,T1,1.01.06.01,Tributos Correntes a Recuperar,4871.0
2020-03-31,T1,1.01.07,Despesas Antecipadas,1764.0
2020-03-31,T1,1.01.08,Outros Ativos Circulantes,6588.0
2020-03-31,T1,1.01.08.01,Ativos Não-Correntes a Venda,0.0
2020-03-31,T1,1.01.08.02,Ativos de Operações Descontinuadas,0.0
2020-03-31,T1,1.01.08.03,Outros,6588.0
2020-03-31,T1,1.01.08.03.01,Outros Créditos,5787.0
2020-03-31,T1,1.01.08.03.02,Adiantamento a Fornecedor,801.0
2020-03-31,T1,1.02,Ativo Não Circulante,236474.0
2020-03-31,T1,1.02.01,Ativo Realizável a Longo Prazo,44288.0
2020-03-31,T1,1.02.01.01,Aplicações Financeiras Avaliadas a Valor Justo através do Resultado,0.0
2020-03-31,T1,1.02.01.01.01,Títulos Designados a Valor Justo,0.0
2020-03-31,T1,1.02.01.02,Aplicações Financeiras Avaliadas a Valor Justo através de Outros Resultados Abrangentes,0.0
2020-03-31,T1,1.02.01.03,Aplicações Financeiras Avaliadas ao Custo Amortizado,0.0
2020-03-31,T1,1.02.01.04,Contas a Receber,974.0
2020-03-31,T1,1.02.01.04.01,Clientes,974.0
2020-03-31,T1,1.02.01.04.02,Outras Contas a Receber,0.0
2020-03-31,T1,1.02.01.05,Estoques,0.0
2020-03-31,T1,1.02.01.06,Ativos Biológicos,0.0
2020-03-31,T1,1.02.01.07,Tributos Diferidos,0.0
2020-03-31,T1,1.02.01.07.01,Imposto de Renda e Contribuição Social Diferidos,0.0
2020-03-31,T1,1.02.01.08,Despesas Antecipadas,0.0
2020-03-31,T1,1.02.01.09,Créditos com Partes Relacionadas,0.0
2020-03-31,T1,1.02.01.09.01,Créditos com Coligadas,0.0
2020-03-31,T1,1.02.01.09.03,Créditos com Controladores,0.0
2020-03-31,T1,1.02.01.09.04,Créditos com Outras Partes Relacionadas,0.0
2020-03-31,T1,1.02.01.10,Outros Ativos Não Circulantes,43314.0
2020-03-31,T1,1.02.01.10.01,Ativos Não-Correntes a Venda,0.0
2020-03-31,T1,1.02.01.10.02,Ativos de Operações Descontinuadas,0.0
2020-03-31,T1,1.02.01.10.03,Outros Créditos,23346.0
2020-03-31,T1,1.02.01.10.05,Tributos a Recuperar,3229.0
2020-03-31,T1,1.02.01.10.06,Bens Disponíveis para Venda,1107.0
2020-03-31,T1,1.02.01.10.07,Títulos e Valores Mobiliários,15632.0
2020-03-31,T1,1.02.02,Investimentos,0.0
2020-03-31,T1,1.02.02.01,Participações Societárias,0.0
2020-03-31,T1,1.02.02.01.01,Participações em Coligadas,0.0
2020-03-31,T1,1.02.02.01.04,Participações em Controladas em Conjunto,0.0
2020-03-31,T1,1.02.02.01.05,Outros Investimentos,0.0
2020-03-31,T1,1.02.02.02,Propriedades para Investimento,0.0
2020-03-31,T1,1.02.03,Imobilizado,29075.0
2020-03-31,T1,1.02.03.01,Imobilizado em Operação,9395.0
2020-03-31,T1,1.02.03.02,Direito de Uso em Arrendamento,19680.0
2020-03-31,T1,1.02.03.03,Imobilizado em Andamento,0.0
2020-03-31,T1,1.02.04,Intangível,163111.0
2020-03-31,T1,1.02.04.01,Intangíveis,163111.0
2020-03-31,T1,1.02.04.01.01,Contrato de Concessão,0.0
2020-03-31,T1,1.02.04.01.02,Vida útil indefinida,155661.0
2020-03-31,T1,1.02.04.01.03,Vida útil definida,7450.0
2020-03-31,T1,1.02.04.02,Goodwill,0.0
2020-06-30,T2,1,Ativo Total,310669.0
2020-06-30,T2,1.01,Ativo Circulante,88947.0
2020-06-30,T2,1.01.01,Caixa e Equivalentes de Caixa,9144.0
2020-06-30,T2,1.01.02,Aplicações Financeiras,39196.0
2020-06-30,T2,1.01.02.01,Aplicações Financeiras Avaliadas a Valor Justo através do Resultado,39196.0
2020-06-30,T2,1.01.02.01.01,Títulos para Negociação,0.0
2020-06-30,T2,1.01.02.01.02,Títulos Designados a Valor Justo,0.0
2020-06-30,T2,1.01.02.01.03,Títulos e Valores Mobiliários,39196.0
2020-06-30,T2,1.01.02.02,Aplicações Financeiras Avaliadas a Valor Justo através de Outros Resultados Abrangentes,0.0
2020-06-30,T2,1.01.02.03,Aplicações Financeiras Avaliadas ao Custo Amortizado,0.0
2020-06-30,T2,1.01.03,Contas a Receber,19802.0
2020-06-30,T2,1.01.03.01,Clientes,19802.0
2020-06-30,T2,1.01.03.02,Outras Contas a Receber,0.0
2020-06-30,T2,1.01.04,Estoques,0.0
2020-06-30,T2,1.01.05,Ativos Biológicos,0.0
2020-06-30,T2,1.01.06,Tributos a Recuperar,4400.0
2020-06-30,T2,1.01.06.01,Tributos Correntes a Recuperar,4400.0
2020-06-30,T2,1.01.07,Despesas Antecipadas,1319.0
2020-06-30,T2,1.01.08,Outros Ativos Circulantes,15086.0
2020-06-30,T2,1.01.08.01,Ativos Não-Correntes a Venda,0.0
2020-06-30,T2,1.01.08.02,Ativos de Operações Descontinuadas,0.0
2020-06-30,T2,1.01.08.03,Outros,15086.0
2020-06-30,T2,1.01.08.03.01,Outros Créditos,14508.0
2020-06-30,T2,1.01.08.03.02,Adiantamento a Fornecedor,578.0
2020-06-30,T2,1.02,Ativo Não Circulante,221722.0
2020-06-30,T2,1.02.01,Ativo Realizável a Longo Prazo,32153.0
2020-06-30,T2,1.02.01.01,Aplicações Financeiras Avaliadas a Valor Justo através do Resultado,0.0
2020-06-30,T2,1.02.01.01.01,Títulos Designados a Valor Justo,0.0
2020-06-30,T2,1.02.01.02,Aplicações Financeiras Avaliadas a Valor Justo através de Outros Resultados Abrangentes,0.0
2020-06-30,T2,1.02.01.03,Aplicações Financeiras Avaliadas ao Custo Amortizado,0.0
2020-06-30,T2,1.02.01.04,Contas a Receber,582.0
2020-06-30,T2,1.02.01.04.01,Clientes,582.0
2020-06-30,T2,1.02.01.04.02,Outras Contas a Receber,0.0
2020-06-30,T2,1.02.01.05,Estoques,0.0
2020-06-30,T2,1.02.01.06,Ativos Biológicos,0.0
2020-06-30,T2,1.02.01.07,Tributos Diferidos,0.0
2020-06-30,T2,1.02.01.07.01,Imposto de Renda e Contribuição Social Diferidos,0.0
2020-06-30,T2,1.02.01.08,Despesas Antecipadas,0.0
2020-06-30,T2,1.02.01.09,Créditos com Partes Relacionadas,0.0
2020-06-30,T2,1.02.01.09.01,Créditos com Coligadas,0.0
2020-06-30,T2,1.02.01.09.03,Créditos com Controladores,0.0
2020-06-30,T2,1.02.01.09.04,Créditos com Outras Partes Relacionadas,0.0
2020-06-30,T2,1.02.01.10,Outros Ativos Não Circulantes,31571.0
2020-06-30,T2,1.02.01.10.01,Ativos Não-Correntes a Venda,0.0
2020-06-30,T2,1.02.01.10.02,Ativos de Operações Descontinuadas,0.0
2020-06-30,T2,1.02.01.10.03,Outros Créditos,17887.0
2020-06-30,T2,1.02.01.10.05,Tributos a Recuperar,3183.0
2020-06-30,T2,1.02.01.10.06,Bens Disponíveis para Venda,1107.0
2020-06-30,T2,1.02.01.10.07,Títulos e Valores Mobiliários,9394.0
2020-06-30,T2,1.02.02,Investimentos,0.0
2020-06-30,T2,1.02.02.01,Participações Societárias,0.0
2020-06-30,T2,1.02.02.01.01,Participações em Coligadas,0.0
2020-06-30,T2,1.02.02.01.04,Participações em Controladas em Conjunto,0.0
2020-06-30,T2,1.02.02.01.05,Outros Investimentos,0.0
2020-06-30,T2,1.02.02.02,Propriedades para Investimento,0.0
2020-06-30,T2,1.02.03,Imobilizado,26264.0
2020-06-30,T2,1.02.03.01,Imobilizado em Operação,8738.0
2020-06-30,T2,1.02.03.02,Direito de Uso em Arrendamento,17526.0
2020-06-30,T2,1.02.03.03,Imobilizado em Andamento,0.0
2020-06-30,T2,1.02.04,Intangível,163305.0
2020-06-30,T2,1.02.04.01,Intangíveis,163305.0
2020-06-30,T2,1.02.04.01.01,Contrato de Concessão,0.0
2020-06-30,T2,1.02.04.01.02,Vida útil indefinida,155661.0
2020-06-30,T2,1.02.04.01.03,Vida útil definida,7644.0
2020-06-30,T2,1.02.04.02,Goodwill,0.0
2020-09-30,T3,1,Ativo Total,293735.0
2020-09-30,T3,1.01,Ativo Circulante,71650.0
2020-09-30,T3,1.01.01,Caixa e Equivalentes de Caixa,10608.0
2020-09-30,T3,1.01.02,Aplicações Financeiras,31872.0
2020-09-30,T3,1.01.02.01,Aplicações Financeiras Avaliadas a Valor Justo através do Resultado,31872.0
2020-09-30,T3,1.01.02.01.01,Títulos para Negociação,0.0
2020-09-30,T3,1.01.02.01.02,Títulos Designados a Valor Justo,0.0
2020-09-30,T3,1.01.02.01.03,Títulos e Valores Mobiliários,31872.0
2020-09-30,T3,1.01.02.02,Aplicações Financeiras Avaliadas a Valor Justo através de Outros Resultados Abrangentes,0.0
2020-09-30,T3,1.01.02.03,Aplicações Financeiras Avaliadas ao Custo Amortizado,0.0
2020-09-30,T3,1.01.03,Contas a Receber,16817.0
2020-09-30,T3,1.01.03.01,Clientes,16817.0
2020-09-30,T3,1.01.03.02,Outras Contas a Receber,0.0
2020-09-30,T3,1.01.04,Estoques,0.0
2020-09-30,T3,1.01.05,Ativos Biológicos,0.0
2020-09-30,T3,1.01.06,Tributos a Recuperar,4401.0
2020-09-30,T3,1.01.06.01,Tributos Correntes a Recuperar,4401.0
2020-09-30,T3,1.01.07,Despesas Antecipadas,1344.0
2020-09-30,T3,1.01.08,Outros Ativos Circulantes,6608.0
2020-09-30,T3,1.01.08.01,Ativos Não-Correntes a Venda,0.0
2020-09-30,T3,1.01.08.02,Ativos de Operações Descontinuadas,0.0
2020-09-30,T3,1.01.08.03,Outros,6608.0
2020-09-30,T3,1.01.08.03.01,Outros Créditos,6079.0
2020-09-30,T3,1.01.08.03.02,Adiantamento a Fornecedor,529.0
2020-09-30,T3,1.02,Ativo Não Circulante,222085.0
2020-09-30,T3,1.02.01,Ativo Realizável a Longo Prazo,33098.0
2020-09-30,T3,1.02.01.01,Aplicações Financeiras Avaliadas a Valor Justo através do Resultado,0.0
2020-09-30,T3,1.02.01.01.01,Títulos Designados a Valor Justo,0.0
2020-09-30,T3,1.02.01.02,Aplicações Financeiras Avaliadas a Valor Justo através de Outros Resultados Abrangentes,0.0
2020-09-30,T3,1.02.01.03,Aplicações Financeiras Avaliadas ao Custo Amortizado,0.0
2020-09-30,T3,1.02.01.04,Contas a Receber,257.0
2020-09-30,T3,1.02.01.04.01,Clientes,257.0
2020-09-30,T3,1.02.01.04.02,Outras Contas a Receber,0.0
2020-09-30,T3,1.02.01.05,Estoques,0.0
2020-09-30,T3,1.02.01.06,Ativos Biológicos,0.0
2020-09-30,T3,1.02.01.07,Tributos Diferidos,0.0
2020-09-30,T3,1.02.01.07.01,Imposto de Renda e Contribuição Social Diferidos,0.0
2020-09-30,T3,1.02.01.08,Despesas Antecipadas,0.0
2020-09-30,T3,1.02.01.09,Créditos com Partes Relacionadas,0.0
2020-09-30,T3,1.02.01.09.01,Créditos com Coligadas,0.0
2020-09-30,T3,1.02.01.09.03,Créditos com Controladores,0.0
2020-09-30,T3,1.02.01.09.04,Créditos com Outras Partes Relacionadas,0.0
2020-09-30,T3,1.02.01.10,Outros Ativos Não Circulantes,32841.0
2020-09-30,T3,1.02.01.10.01,Ativos Não-Correntes a Venda,0.0
2020-09-30,T3,1.02.01.10.02,Ativos de Operações Descontinuadas,0.0
2020-09-30,T3,1.02.01.10.03,Outros Créditos,18474.0
2020-09-30,T3,1.02.01.10.05,Tributos a Recuperar,2233.0
2020-09-30,T3,1.02.01.10.06,Bens Disponíveis para Venda,1447.0
2020-09-30,T3,1.02.01.10.07,Títulos e Valores Mobiliários,10687.0
2020-09-30,T3,1.02.02,Investimentos,0.0
2020-09-30,T3,1.02.02.01,Participações Societárias,0.0
2020-09-30,T3,1.02.02.01.01,Participações em Coligadas,0.0
2020-09-30,T3,1.02.02.01.04,Participações em Controladas em Conjunto,0.0
2020-09-30,T3,1.02.02.01.05,Outros Investimentos,0.0
2020-09-30,T3,1.02.02.02,Propriedades para Investimento,0.0
2020-09-30,T3,1.02.03,Imobilizado,24756.0
2020-09-30,T3,1.02.03.01,Imobilizado em Operação,8172.0
2020-09-30,T3,1.02.03.02,Direito de Uso em Arrendamento,16584.0
2020-09-30,T3,1.02.03.03,Imobilizado em Andamento,0.0
2020-09-30,T3,1.02.04,Intangível,164231.0
2020-09-30,T3,1.02.04.01,Intangíveis,164231.0
2020-09-30,T3,1.02.04.01.01,Contrato de Concessão,0.0
2020-09-30,T3,1.02.04.01.02,Vida útil indefinida,155661.0
2020-09-30,T3,1.02.04.01.03,Vida útil definida,8570.0
2020-09-30,T3,1.02.04.02,Goodwill,0.0
2021-03-31,T1,1,Ativo Total,192209.0
2021-03-31,T1,1.01,Ativo Circulante,53625.0
2021-03-31,T1,1.01.01,Caixa e Equivalentes de Caixa,9654.0
2021-03-31,T1,1.01.02,Aplicações Financeiras,23755.0
2021-03-31,T1,1.01.02.01,Aplicações Financeiras Avaliadas a Valor Justo através do Resultado,23755.0
2021-03-31,T1,1.01.02.01.01,Títulos para Negociação,0.0
2021-03-31,T1,1.01.02.01.02,Títulos Designados a Valor Justo,0.0
2021-03-31,T1,1.01.02.01.03,Títulos e Valores Mobiliários,23755.0
2021-03-31,T1,1.01.02.02,Aplicações Financeiras Avaliadas a Valor Justo através de Outros Resultados Abrangentes,0.0
2021-03-31,T1,1.01.02.03,Aplicações Financeiras Avaliadas ao Custo Amortizado,0.0
2021-03-31,T1,1.01.03,Contas a Receber,8100.0
2021-03-31,T1,1.01.03.01,Clientes,8100.0
2021-03-31,T1,1.01.03.02,Outras Contas a Receber,0.0
2021-03-31,T1,1.01.04,Estoques,0.0
2021-03-31,T1,1.01.05,Ativos Biológicos,0.0
2021-03-31,T1,1.01.06,Tributos a Recuperar,4525.0
2021-03-31,T1,1.01.06.01,Tributos Correntes a Recuperar,4525.0
2021-03-31,T1,1.01.07,Despesas Antecipadas,2526.0
2021-03-31,T1,1.01.08,Outros Ativos Circulantes,5065.0
2021-03-31,T1,1.01.08.01,Ativos Não-Correntes a Venda,0.0
2021-03-31,T1,1.01.08.02,Ativos de Operações Descontinuadas,0.0
2021-03-31,T1,1.01.08.03,Outros,5065.0
2021-03-31,T1,1.01.08.03.01,Outros Créditos,4434.0
2021-03-31,T1,1.01.08.03.02,Adiantamento a Fornecedores,410.0
2021-03-31,T1,1.01.08.03.03,Contas a Receber - Revenda Empresas,221.0
2021-03-31,T1,1.02,Ativo Não Circulante,138584.0
2021-03-31,T1,1.02.01,Ativo Realizável a Longo Prazo,24699.0
2021-03-31,T1,1.02.01.01,Aplicações Financeiras Avaliadas a Valor Justo através do Resultado,0.0
2021-03-31,T1,1.02.01.01.01,Títulos Designados a Valor Justo,0.0
2021-03-31,T1,1.02.01.02,Aplicações Financeiras Avaliadas a Valor Justo através de Outros Resultados Abrangentes,0.0
2021-03-31,T1,1.02.01.03,Aplicações Financeiras Avaliadas ao Custo Amortizado,0.0
2021-03-31,T1,1.02.01.04,Contas a Receber,203.0
2021-03-31,T1,1.02.01.04.01,Clientes,203.0
2021-03-31,T1,1.02.01.04.02,Outras Contas a Receber,0.0
2021-03-31,T1,1.02.01.05,Estoques,0.0
2021-03-31,T1,1.02.01.06,Ativos Biológicos,0.0
2021-03-31,T1,1.02.01.07,Tributos Diferidos,0.0
2021-03-31,T1,1.02.01.07.01,Imposto de Renda e Contribuição Social Diferidos,0.0
2021-03-31,T1,1.02.01.08,Despesas Antecipadas,0.0
2021-03-31,T1,1.02.01.09,Créditos com Partes Relacionadas,0.0
2021-03-31,T1,1.02.01.09.01,Créditos com Coligadas,0.0
2021-03-31,T1,1.02.01.09.03,Créditos com Controladores,0.0
2021-03-31,T1,1.02.01.09.04,Créditos com Outras Partes Relacionadas,0.0
2021-03-31,T1,1.02.01.10,Outros Ativos Não Circulantes,24496.0
2021-03-31,T1,1.02.01.10.01,Ativos Não-Correntes a Venda,0.0
2021-03-31,T1,1.02.01.10.02,Ativos de Operações Descontinuadas,0.0
2021-03-31,T1,1.02.01.10.03,Outros Créditos,15052.0
2021-03-31,T1,1.02.01.10.04,Tributos a Recuperar,1697.0
2021-03-31,T1,1.02.01.10.05,Bens Disponíveis para Venda,1447.0
2021-03-31,T1,1.02.01.10.06,Títulos e Valores Mobiliários,6300.0
2021-03-31,T1,1.02.02,Investimentos,0.0
2021-03-31,T1,1.02.02.01,Participações Societárias,0.0
2021-03-31,T1,1.02.02.01.01,Participações em Coligadas,0.0
2021-03-31,T1,1.02.02.01.04,Participações em Controladas em Conjunto,0.0
2021-03-31,T1,1.02.02.01.05,Outros Investimentos,0.0
2021-03-31,T1,1.02.02.02,Propriedades para Investimento,0.0
2021-03-31,T1,1.02.03,Imobilizado,21852.0
2021-03-31,T1,1.02.03.01,Imobilizado em Operação,6905.0
2021-03-31,T1,1.02.03.02,Direito de Uso em Arrendamento,14947.0
2021-03-31,T1,1.02.03.03,Imobilizado em Andamento,0.0
2021-03-31,T1,1.02.04,Intangível,92033.0
2021-03-31,T1,1.02.04.01,Intangíveis,92033.0
2021-03-31,T1,1.02.04.01.01,Contrato de Concessão,0.0
2021-03-31,T1,1.02.04.01.02,Vida útil indefinida,82500.0
2021-03-31,T1,1.02.04.01.03,Vida útil definida,9533.0
2021-03-31,T1,1.02.04.02,Goodwill,0.0
2021-06-30,T2,1,Ativo Total,188135.0
2021-06-30,T2,1.01,Ativo Circulante,47658.0
2021-06-30,T2,1.01.01,Caixa e Equivalentes de Caixa,10559.0
2021-06-30,T2,1.01.02,Aplicações Financeiras,11670.0
2021-06-30,T2,1.01.02.01,Aplicações Financeiras Avaliadas a Valor Justo através do Resultado,11670.0
2021-06-30,T2,1.01.02.01.01,Títulos para Negociação,0.0
2021-06-30,T2,1.01.02.01.02,Títulos Designados a Valor Justo,0.0
2021-06-30,T2,1.01.02.01.03,Títulos e Valores Mobiliários,11670.0
2021-06-30,T2,1.01.02.02,Aplicações Financeiras Avaliadas a Valor Justo através de Outros Resultados Abrangentes,0.0
2021-06-30,T2,1.01.02.03,Aplicações Financeiras Avaliadas ao Custo Amortizado,0.0
2021-06-30,T2,1.01.03,Contas a Receber,9726.0
2021-06-30,T2,1.01.03.01,Clientes,9726.0
2021-06-30,T2,1.01.03.02,Outras Contas a Receber,0.0
2021-06-30,T2,1.01.04,Estoques,0.0
2021-06-30,T2,1.01.05,Ativos Biológicos,0.0
2021-06-30,T2,1.01.06,Tributos a Recuperar,6296.0
2021-06-30,T2,1.01.06.01,Tributos Correntes a Recuperar,6296.0
2021-06-30,T2,1.01.07,Despesas Antecipadas,4459.0
2021-06-30,T2,1.01.08,Outros Ativos Circulantes,4948.0
2021-06-30,T2,1.01.08.01,Ativos Não-Correntes a Venda,0.0
2021-06-30,T2,1.01.08.02,Ativos de Operações Descontinuadas,0.0
2021-06-30,T2,1.01.08.03,Outros,4948.0
2021-06-30,T2,1.01.08.03.01,Outros Créditos,4510.0
2021-06-30,T2,1.01.08.03.02,Adiantamento a Fornecedores,438.0
2021-06-30,T2,1.01.08.03.03,Contas a Receber - Revenda Empresas,0.0
2021-06-30,T2,1.02,Ativo Não Circulante,140477.0
2021-06-30,T2,1.02.01,Ativo Realizável a Longo Prazo,31189.0
2021-06-30,T2,1.02.01.01,Aplicações Financeiras Avaliadas a Valor Justo através do Resultado,0.0
2021-06-30,T2,1.02.01.01.01,Títulos Designados a Valor Justo,0.0
2021-06-30,T2,1.02.01.02,Aplicações Financeiras Avaliadas a Valor Justo através de Outros Resultados Abrangentes,0.0
2021-06-30,T2,1.02.01.03,Aplicações Financeiras Avaliadas ao Custo Amortizado,0.0
2021-06-30,T2,1.02.01.04,Contas a Receber,1247.0
2021-06-30,T2,1.02.01.04.01,Clientes,1247.0
2021-06-30,T2,1.02.01.04.02,Outras Contas a Receber,0.0
2021-06-30,T2,1.02.01.05,Estoques,0.0
2021-06-30,T2,1.02.01.06,Ativos Biológicos,0.0
2021-06-30,T2,1.02.01.07,Tributos Diferidos,0.0
2021-06-30,T2,1.02.01.07.01,Imposto de Renda e Contribuição Social Diferidos,0.0
2021-06-30,T2,1.02.01.08,Despesas Antecipadas,0.0
2021-06-30,T2,1.02.01.09,Créditos com Partes Relacionadas,0.0
2021-06-30,T2,1.02.01.09.01,Créditos com Coligadas,0.0
2021-06-30,T2,1.02.01.09.03,Créditos com Controladores,0.0
2021-06-30,T2,1.02.01.09.04,Créditos com Outras Partes Relacionadas,0.0
2021-06-30,T2,1.02.01.10,Outros Ativos Não Circulantes,29942.0
2021-06-30,T2,1.02.01.10.01,Ativos Não-Correntes a Venda,0.0
2021-06-30,T2,1.02.01.10.02,Ativos de Operações Descontinuadas,0.0
2021-06-30,T2,1.02.01.10.03,Outros Créditos,15165.0
2021-06-30,T2,1.02.01.10.04,Tributos a Recuperar,0.0
2021-06-30,T2,1.02.01.10.05,Bens Disponíveis para Venda,947.0
2021-06-30,T2,1.02.01.10.06,Títulos e Valores Mobiliários,13830.0
2021-06-30,T2,1.02.02,Investimentos,0.0
2021-06-30,T2,1.02.02.01,Participações Societárias,0.0
2021-06-30,T2,1.02.02.01.01,Participações em Coligadas,0.0
2021-06-30,T2,1.02.02.01.04,Participações em Controladas em Conjunto,0.0
2021-06-30,T2,1.02.02.01.05,Outros Investimentos,0.0
2021-06-30,T2,1.02.02.02,Propriedades para Investimento,0.0
2021-06-30,T2,1.02.03,Imobilizado,16717.0
2021-06-30,T2,1.02.03.01,Imobilizado em Operação,6590.0
2021-06-30,T2,1.02.03.02,Direito de Uso em Arrendamento,10127.0
2021-06-30,T2,1.02.03.03,Imobilizado em Andamento,0.0
2021-06-30,T2,1.02.04,Intangível,92571.0
2021-06-30,T2,1.02.04.01,Intangíveis,92571.0
2021-06-30,T2,1.02.04.01.01,Contrato de Concessão,0.0
2021-06-30,T2,1.02.04.01.02,Vida útil indefinida,82500.0
2021-06-30,T2,1.02.04.01.03,Vida útil definida,10071.0
2021-06-30,T2,1.02.04.02,Goodwill,0.0
2021-09-30,T3,1,Ativo Total,170517.0
2021-09-30,T3,1.01,Ativo Circulante,40287.0
2021-09-30,T3,1.01.01,Caixa e Equivalentes de Caixa,15737.0
2021-09-30,T3,1.01.02,Aplicações Financeiras,4277.0
2021-09-30,T3,1.01.02.01,Aplicações Financeiras Avaliadas a Valor Justo através do Resultado,4277.0
2021-09-30,T3,1.01.02.01.01,Títulos para Negociação,0.0
2021-09-30,T3,1.01.02.01.02,Títulos Designados a Valor Justo,0.0
2021-09-30,T3,1.01.02.01.03,Títulos e Valores Mobiliários,4277.0
2021-09-30,T3,1.01.02.02,Aplicações Financeiras Avaliadas a Valor Justo através de Outros Resultados Abrangentes,0.0
2021-09-30,T3,1.01.02.03,Aplicações Financeiras Avaliadas ao Custo Amortizado,0.0
2021-09-30,T3,1.01.03,Contas a Receber,9188.0
2021-09-30,T3,1.01.03.01,Clientes,9188.0
2021-09-30,T3,1.01.03.02,Outras Contas a Receber,0.0
2021-09-30,T3,1.01.04,Estoques,0.0
2021-09-30,T3,1.01.05,Ativos Biológicos,0.0
2021-09-30,T3,1.01.06,Tributos a Recuperar,5305.0
2021-09-30,T3,1.01.06.01,Tributos Correntes a Recuperar,5305.0
2021-09-30,T3,1.01.07,Despesas Antecipadas,1870.0
2021-09-30,T3,1.01.08,Outros Ativos Circulantes,3910.0
2021-09-30,T3,1.01.08.01,Ativos Não-Correntes a Venda,0.0
2021-09-30,T3,1.01.08.02,Ativos de Operações Descontinuadas,0.0
2021-09-30,T3,1.01.08.03,Outros,3910.0
2021-09-30,T3,1.01.08.03.01,Outros Créditos,3461.0
2021-09-30,T3,1.01.08.03.02,Adiantamento a Fornecedores,449.0
2021-09-30,T3,1.01.08.03.03,Operações com Opção,0.0
2021-09-30,T3,1.01.08.03.04,Contas a Receber - Revenda Empresas,0.0
2021-09-30,T3,1.02,Ativo Não Circulante,130230.0
2021-09-30,T3,1.02.01,Ativo Realizável a Longo Prazo,21719.0
2021-09-30,T3,1.02.01.01,Aplicações Financeiras Avaliadas a Valor Justo através do Resultado,0.0
2021-09-30,T3,1.02.01.01.01,Títulos Designados a Valor Justo,0.0
2021-09-30,T3,1.02.01.02,Aplicações Financeiras Avaliadas a Valor Justo através de Outros Resultados Abrangentes,0.0
2021-09-30,T3,1.02.01.03,Aplicações Financeiras Avaliadas ao Custo Amortizado,0.0
2021-09-30,T3,1.02.01.04,Contas a Receber,1155.0
2021-09-30,T3,1.02.01.04.01,Clientes,1155.0
2021-09-30,T3,1.02.01.04.02,Outras Contas a Receber,0.0
2021-09-30,T3,1.02.01.05,Estoques,0.0
2021-09-30,T3,1.02.01.06,Ativos Biológicos,0.0
2021-09-30,T3,1.02.01.07,Tributos Diferidos,0.0
2021-09-30,T3,1.02.01.07.01,Imposto de Renda e Contribuição Social Diferidos,0.0
2021-09-30,T3,1.02.01.08,Despesas Antecipadas,0.0
2021-09-30,T3,1.02.01.09,Créditos com Partes Relacionadas,0.0
2021-09-30,T3,1.02.01.09.01,Créditos com Coligadas,0.0
2021-09-30,T3,1.02.01.09.03,Créditos com Controladores,0.0
2021-09-30,T3,1.02.01.09.04,Créditos com Outras Partes Relacionadas,0.0
2021-09-30,T3,1.02.01.10,Outros Ativos Não Circulantes,20564.0
2021-09-30,T3,1.02.01.10.01,Ativos Não-Correntes a Venda,0.0
2021-09-30,T3,1.02.01.10.02,Ativos de Operações Descontinuadas,0.0
2021-09-30,T3,1.02.01.10.03,Outros Créditos,14248.0
2021-09-30,T3,1.02.01.10.04,Operações com Opção,0.0
2021-09-30,T3,1.02.01.10.05,Tributos a Recuperar,0.0
2021-09-30,T3,1.02.01.10.06,Bens Disponíveis para Venda,947.0
2021-09-30,T3,1.02.01.10.07,Títulos e Valores Mobiliários,5369.0
2021-09-30,T3,1.02.02,Investimentos,0.0
2021-09-30,T3,1.02.02.01,Participações Societárias,0.0
2021-09-30,T3,1.02.02.01.01,Participações em Coligadas,0.0
2021-09-30,T3,1.02.02.01.04,Participações em Controladas em Conjunto,0.0
2021-09-30,T3,1.02.02.01.05,Outros Investimentos,0.0
2021-09-30,T3,1.02.02.02,Propriedades para Investimento,0.0
2021-09-30,T3,1.02.03,Imobilizado,14575.0
2021-09-30,T3,1.02.03.01,Imobilizado em Operação,6042.0
2021-09-30,T3,1.02.03.02,Direito de Uso em Arrendamento,8533.0
2021-09-30,T3,1.02.03.03,Imobilizado em Andamento,0.0
2021-09-30,T3,1.02.04,Intangível,93936.0
2021-09-30,T3,1.02.04.01,Intangíveis,93936.0
2021-09-30,T3,1.02.04.01.01,Contrato de Concessão,0.0
2021-09-30,T3,1.02.04.01.02,Vida útil indefinida,82500.0
2021-09-30,T3,1.02.04.01.03,Vida útil definida,11436.0
2021-09-30,T3,1.02.04.02,Goodwill,0.0
2022-03-31,T1,1,Ativo Total,314719.0
2022-03-31,T1,1.01,Ativo Circulante,133830.0
2022-03-31,T1,1.01.01,Caixa e Equivalentes de Caixa,95547.0
2022-03-31,T1,1.01.02,Aplicações Financeiras,1678.0
2022-03-31,T1,1.01.02.01,Aplicações Financeiras Avaliadas a Valor Justo através do Resultado,1678.0
2022-03-31,T1,1.01.02.01.01,Títulos para Negociação,0.0
2022-03-31,T1,1.01.02.01.02,Títulos Designados a Valor Justo,0.0
2022-03-31,T1,1.01.02.01.03,Títulos e Valores Mobiliários,1678.0
2022-03-31,T1,1.01.02.02,Aplicações Financeiras Avaliadas a Valor Justo através de Outros Resultados Abrangentes,0.0
2022-03-31,T1,1.01.02.03,Aplicações Financeiras Avaliadas ao Custo Amortizado,0.0
2022-03-31,T1,1.01.03,Contas a Receber,6668.0
2022-03-31,T1,1.01.03.01,Clientes,6668.0
2022-03-31,T1,1.01.03.02,Outras Contas a Receber,0.0
2022-03-31,T1,1.01.04,Estoques,0.0
2022-03-31,T1,1.01.05,Ativos Biológicos,0.0
2022-03-31,T1,1.01.06,Tributos a Recuperar,6742.0
2022-03-31,T1,1.01.06.01,Tributos Correntes a Recuperar,6742.0
2022-03-31,T1,1.01.07,Despesas Antecipadas,1687.0
2022-03-31,T1,1.01.08,Outros Ativos Circulantes,21508.0
2022-03-31,T1,1.01.08.01,Ativos Não-Correntes a Venda,0.0
2022-03-31,T1,1.01.08.02,Ativos de Operações Descontinuadas,0.0
2022-03-31,T1,1.01.08.03,Outros,21508.0
2022-03-31,T1,1.01.08.03.01,Outros Créditos,3615.0
2022-03-31,T1,1.01.08.03.02,Adiantamento a Fornecedores,351.0
2022-03-31,T1,1.01.08.03.03,Operações com Opção,0.0
2022-03-31,T1,1.01.08.03.04,Contas a Receber - Revenda Empresas,0.0
2022-03-31,T1,1.01.08.03.05,Instrumentos financeiros derivativos,17542.0
2022-03-31,T1,1.02,Ativo Não Circulante,180889.0
2022-03-31,T1,1.02.01,Ativo Realizável a Longo Prazo,65373.0
2022-03-31,T1,1.02.01.01,Aplicações Financeiras Avaliadas a Valor Justo através do Resultado,0.0
2022-03-31,T1,1.02.01.01.01,Títulos Designados a Valor Justo,0.0
2022-03-31,T1,1.02.01.02,Aplicações Financeiras Avaliadas a Valor Justo através de Outros Resultados Abrangentes,0.0
2022-03-31,T1,1.02.01.03,Aplicações Financeiras Avaliadas ao Custo Amortizado,0.0
2022-03-31,T1,1.02.01.04,Contas a Receber,1065.0
2022-03-31,T1,1.02.01.04.01,Clientes,1065.0
2022-03-31,T1,1.02.01.04.02,Outras Contas a Receber,0.0
2022-03-31,T1,1.02.01.05,Estoques,0.0
2022-03-31,T1,1.02.01.06,Ativos Biológicos,0.0
2022-03-31,T1,1.02.01.07,Tributos Diferidos,0.0
2022-03-31,T1,1.02.01.07.01,Imposto de Renda e Contribuição Social Diferidos,0.0
2022-03-31,T1,1.02.01.08,Despesas Antecipadas,0.0
2022-03-31,T1,1.02.01.09,Créditos com Partes Relacionadas,0.0
2022-03-31,T1,1.02.01.09.01,Créditos com Coligadas,0.0
2022-03-31,T1,1.02.01.09.03,Créditos com Controladores,0.0
2022-03-31,T1,1.02.01.09.04,Créditos com Outras Partes Relacionadas,0.0
2022-03-31,T1,1.02.01.10,Outros Ativos Não Circulantes,64308.0
2022-03-31,T1,1.02.01.10.01,Ativos Não-Correntes a Venda,0.0
2022-03-31,T1,1.02.01.10.02,Ativos de Operações Descontinuadas,0.0
2022-03-31,T1,1.02.01.10.03,Outros Créditos,14421.0
2022-03-31,T1,1.02.01.10.04,Operações com Opção,0.0
2022-03-31,T1,1.02.01.10.05,Tributos a Recuperar,0.0
2022-03-31,T1,1.02.01.10.06,Bens Disponíveis para Venda,947.0
2022-03-31,T1,1.02.01.10.07,Títulos e Valores Mobiliários,3779.0
2022-03-31,T1,1.02.01.10.08,Instrumentos financeiros derivativos,45161.0
2022-03-31,T1,1.02.02,Investimentos,0.0
2022-03-31,T1,1.02.02.01,Participações Societárias,0.0
2022-03-31,T1,1.02.02.01.01,Participações em Coligadas,0.0
2022-03-31,T1,1.02.02.01.04,Participações em Controladas em Conjunto,0.0
2022-03-31,T1,1.02.02.01.05,Outros Investimentos,0.0
2022-03-31,T1,1.02.02.02,Propriedades para Investimento,0.0
2022-03-31,T1,1.02.03,Imobilizado,17666.0
2022-03-31,T1,1.02.03.01,Imobilizado em Operação,5959.0
2022-03-31,T1,1.02.03.02,Direito de Uso em Arrendamento,11707.0
2022-03-31,T1,1.02.03.03,Imobilizado em Andamento,0.0
2022-03-31,T1,1.02.04,Intangível,97850.0
2022-03-31,T1,1.02.04.01,Intangíveis,97850.0
2022-03-31,T1,1.02.04.01.01,Contrato de Concessão,0.0
2022-03-31,T1,1.02.04.01.02,Vida útil indefinida,83067.0
2022-03-31,T1,1.02.04.01.03,Vida útil definida,14783.0
2022-03-31,T1,1.02.04.02,Goodwill,0.0
2022-06-30,T2,1,Ativo Total,284898.0
2022-06-30,T2,1.01,Ativo Circulante,101831.0
2022-06-30,T2,1.01.01,Caixa e Equivalentes de Caixa,60558.0
2022-06-30,T2,1.01.02,Aplicações Financeiras,1108.0
2022-06-30,T2,1.01.02.01,Aplicações Financeiras Avaliadas a Valor Justo através do Resultado,1108.0
2022-06-30,T2,1.01.02.01.01,Títulos para Negociação,0.0
2022-06-30,T2,1.01.02.01.02,Títulos Designados a Valor Justo,0.0
2022-06-30,T2,1.01.02.01.03,Títulos e Valores Mobiliários,1108.0
2022-06-30,T2,1.01.02.02,Aplicações Financeiras Avaliadas a Valor Justo através de Outros Resultados Abrangentes,0.0
2022-06-30,T2,1.01.02.03,Aplicações Financeiras Avaliadas ao Custo Amortizado,0.0
2022-06-30,T2,1.01.03,Contas a Receber,7995.0
2022-06-30,T2,1.01.03.01,Clientes,7995.0
2022-06-30,T2,1.01.03.02,Outras Contas a Receber,0.0
2022-06-30,T2,1.01.04,Estoques,0.0
2022-06-30,T2,1.01.05,Ativos Biológicos,0.0
2022-06-30,T2,1.01.06,Tributos a Recuperar,8039.0
2022-06-30,T2,1.01.06.01,Tributos Correntes a Recuperar,8039.0
2022-06-30,T2,1.01.07,Despesas Antecipadas,2157.0
2022-06-30,T2,1.01.08,Outros Ativos Circulantes,21974.0
2022-06-30,T2,1.01.08.01,Ativos Não-Correntes a Venda,0.0
2022-06-30,T2,1.01.08.02,Ativos de Operações Descontinuadas,0.0
2022-06-30,T2,1.01.08.03,Outros,21974.0
2022-06-30,T2,1.01.08.03.01,Outros Créditos,5664.0
2022-06-30,T2,1.01.08.03.02,Adiantamento a Fornecedores,306.0
2022-06-30,T2,1.01.08.03.03,Operações com Opção,0.0
2022-06-30,T2,1.01.08.03.04,Contas a Receber - Revenda Empresas,0.0
2022-06-30,T2,1.01.08.03.05,Instrumentos financeiros derivativos,16004.0
2022-06-30,T2,1.02,Ativo Não Circulante,183067.0
2022-06-30,T2,1.02.01,Ativo Realizável a Longo Prazo,65115.0
2022-06-30,T2,1.02.01.01,Aplicações Financeiras Avaliadas a Valor Justo através do Resultado,0.0
2022-06-30,T2,1.02.01.01.01,Títulos Designados a Valor Justo,0.0
2022-06-30,T2,1.02.01.02,Aplicações Financeiras Avaliadas a Valor Justo através de Outros Resultados Abrangentes,0.0
2022-06-30,T2,1.02.01.03,Aplicações Financeiras Avaliadas ao Custo Amortizado,0.0
2022-06-30,T2,1.02.01.04,Contas a Receber,995.0
2022-06-30,T2,1.02.01.04.01,Clientes,995.0
2022-06-30,T2,1.02.01.04.02,Outras Contas a Receber,0.0
2022-06-30,T2,1.02.01.05,Estoques,0.0
2022-06-30,T2,1.02.01.06,Ativos Biológicos,0.0
2022-06-30,T2,1.02.01.07,Tributos Diferidos,0.0
2022-06-30,T2,1.02.01.07.01,Imposto de Renda e Contribuição Social Diferidos,0.0
2022-06-30,T2,1.02.01.08,Despesas Antecipadas,0.0
2022-06-30,T2,1.02.01.09,Créditos com Partes Relacionadas,0.0
2022-06-30,T2,1.02.01.09.01,Créditos com Coligadas,0.0
2022-06-30,T2,1.02.01.09.03,Créditos com Controladores,0.0
2022-06-30,T2,1.02.01.09.04,Créditos com Outras Partes Relacionadas,0.0
2022-06-30,T2,1.02.01.10,Outros Ativos Não Circulantes,64120.0
2022-06-30,T2,1.02.01.10.01,Ativos Não-Correntes a Venda,0.0
2022-06-30,T2,1.02.01.10.02,Ativos de Operações Descontinuadas,0.0
2022-06-30,T2,1.02.01.10.03,Outros Créditos,13029.0
2022-06-30,T2,1.02.01.10.04,Operações com Opção,0.0
2022-06-30,T2,1.02.01.10.05,Tributos a Recuperar,0.0
2022-06-30,T2,1.02.01.10.06,Bens Disponíveis para Venda,947.0
2022-06-30,T2,1.02.01.10.07,Títulos e Valores Mobiliários,5043.0
2022-06-30,T2,1.02.01.10.08,Instrumentos financeiros derivativos,45101.0
2022-06-30,T2,1.02.02,Investimentos,0.0
2022-06-30,T2,1.02.02.01,Participações Societárias,0.0
2022-06-30,T2,1.02.02.01.01,Participações em Coligadas,0.0
2022-06-30,T2,1.02.02.01.04,Participações em Controladas em Conjunto,0.0
2022-06-30,T2,1.02.02.01.05,Outros Investimentos,0.0
2022-06-30,T2,1.02.02.02,Propriedades para Investimento,0.0
2022-06-30,T2,1.02.03,Imobilizado,18122.0
2022-06-30,T2,1.02.03.01,Imobilizado em Operação,7355.0
2022-06-30,T2,1.02.03.02,Direito de Uso em Arrendamento,10767.0
2022-06-30,T2,1.02.03.03,Imobilizado em Andamento,0.0
2022-06-30,T2,1.02.04,Intangível,99830.0
2022-06-30,T2,1.02.04.01,Intangíveis,99830.0
2022-06-30,T2,1.02.04.01.01,Contrato de Concessão,0.0
2022-06-30,T2,1.02.04.01.02,Vida útil indefinida,83326.0
2022-06-30,T2,1.02.04.01.03,Vida útil definida,16504.0
2022-06-30,T2,1.02.04.02,Goodwill,0.0
2022-09-30,T3,1,Ativo Total,255169.0
2022-09-30,T3,1.01,Ativo Circulante,75633.0
2022-09-30,T3,1.01.01,Caixa e Equivalentes de Caixa,30227.0
2022-09-30,T3,1.01.02,Aplicações Financeiras,0.0
2022-09-30,T3,1.01.02.01,Aplicações Financeiras Avaliadas a Valor Justo através do Resultado,0.0
2022-09-30,T3,1.01.02.01.01,Títulos para Negociação,0.0
2022-09-30,T3,1.01.02.01.02,Títulos Designados a Valor Justo,0.0
2022-09-30,T3,1.01.02.01.03,Títulos e Valores Mobiliários,0.0
2022-09-30,T3,1.01.02.02,Aplicações Financeiras Avaliadas a Valor Justo através de Outros Resultados Abrangentes,0.0
2022-09-30,T3,1.01.02.03,Aplicações Financeiras Avaliadas ao Custo Amortizado,0.0
2022-09-30,T3,1.01.03,Contas a Receber,9637.0
2022-09-30,T3,1.01.03.01,Clientes,9637.0
2022-09-30,T3,1.01.03.02,Outras Contas a Receber,0.0
2022-09-30,T3,1.01.04,Estoques,0.0
2022-09-30,T3,1.01.05,Ativos Biológicos,0.0
2022-09-30,T3,1.01.06,Tributos a Recuperar,8579.0
2022-09-30,T3,1.01.06.01,Tributos Correntes a Recuperar,8579.0
2022-09-30,T3,1.01.07,Despesas Antecipadas,2059.0
2022-09-30,T3,1.01.08,Outros Ativos Circulantes,25131.0
2022-09-30,T3,1.01.08.01,Ativos Não-Correntes a Venda,0.0
2022-09-30,T3,1.01.08.02,Ativos de Operações Descontinuadas,0.0
2022-09-30,T3,1.01.08.03,Outros,25131.0
2022-09-30,T3,1.01.08.03.01,Outros Créditos,7325.0
2022-09-30,T3,1.01.08.03.02,Adiantamento a Fornecedores,348.0
2022-09-30,T3,1.01.08.03.03,Operações com Opção,0.0
2022-09-30,T3,1.01.08.03.04,Contas a Receber - Revenda Empresas,0.0
2022-09-30,T3,1.01.08.03.05,Instrumentos financeiros derivativos,17458.0
2022-09-30,T3,1.02,Ativo Não Circulante,179536.0
2022-09-30,T3,1.02.01,Ativo Realizável a Longo Prazo,54325.0
2022-09-30,T3,1.02.01.01,Aplicações Financeiras Avaliadas a Valor Justo através do Resultado,0.0
2022-09-30,T3,1.02.01.01.01,Títulos Designados a Valor Justo,0.0
2022-09-30,T3,1.02.01.02,Aplicações Financeiras Avaliadas a Valor Justo através de Outros Resultados Abrangentes,0.0
2022-09-30,T3,1.02.01.03,Aplicações Financeiras Avaliadas ao Custo Amortizado,0.0
2022-09-30,T3,1.02.01.04,Contas a Receber,954.0
2022-09-30,T3,1.02.01.04.01,Clientes,954.0
2022-09-30,T3,1.02.01.04.02,Outras Contas a Receber,0.0
2022-09-30,T3,1.02.01.05,Estoques,0.0
2022-09-30,T3,1.02.01.06,Ativos Biológicos,0.0
2022-09-30,T3,1.02.01.07,Tributos Diferidos,0.0
2022-09-30,T3,1.02.01.07.01,Imposto de Renda e Contribuição Social Diferidos,0.0
2022-09-30,T3,1.02.01.08,Despesas Antecipadas,0.0
2022-09-30,T3,1.02.01.09,Créditos com Partes Relacionadas,0.0
2022-09-30,T3,1.02.01.09.01,Créditos com Coligadas,0.0
2022-09-30,T3,1.02.01.09.03,Créditos com Controladores,0.0
2022-09-30,T3,1.02.01.09.04,Créditos com Outras Partes Relacionadas,0.0
2022-09-30,T3,1.02.01.10,Outros Ativos Não Circulantes,53371.0
2022-09-30,T3,1.02.01.10.01,Ativos Não-Correntes a Venda,0.0
2022-09-30,T3,1.02.01.10.02,Ativos de Operações Descontinuadas,0.0
2022-09-30,T3,1.02.01.10.03,Outros Créditos,11900.0
2022-09-30,T3,1.02.01.10.04,Operações com Opção,0.0
2022-09-30,T3,1.02.01.10.05,Tributos a Recuperar,0.0
2022-09-30,T3,1.02.01.10.06,Bens Disponíveis para Venda,735.0
2022-09-30,T3,1.02.01.10.07,Títulos e Valores Mobiliários,0.0
2022-09-30,T3,1.02.01.10.08,Instrumentos financeiros derivativos,40736.0
2022-09-30,T3,1.02.02,Investimentos,0.0
2022-09-30,T3,1.02.02.01,Participações Societárias,0.0
2022-09-30,T3,1.02.02.01.01,Participações em Coligadas,0.0
2022-09-30,T3,1.02.02.01.04,Participações em Controladas em Conjunto,0.0
2022-09-30,T3,1.02.02.01.05,Outros Investimentos,0.0
2022-09-30,T3,1.02.02.02,Propriedades para Investimento,0.0
2022-09-30,T3,1.02.03,Imobilizado,23046.0
2022-09-30,T3,1.02.03.01,Imobilizado em Operação,8792.0
2022-09-30,T3,1.02.03.02,Direito de Uso em Arrendamento,14254.0
2022-09-30,T3,1.02.03.03,Imobilizado em Andamento,0.0
2022-09-30,T3,1.02.04,Intangível,102165.0
2022-09-30,T3,1.02.04.01,Intangíveis,102165.0
2022-09-30,T3,1.02.04.01.01,Contrato de Concessão,0.0
2022-09-30,T3,1.02.04.01.02,Vida útil indefinida,83532.0
2022-09-30,T3,1.02.04.01.03,Vida útil definida,18633.0
2022-09-30,T3,1.02.04.02,Goodwill,0.0
2023-03-31,T1,1,Ativo Total,131051.0
2023-03-31,T1,1.01,Ativo Circulante,43981.0
2023-03-31,T1,1.01.01,Caixa e Equivalentes de Caixa,5223.0
2023-03-31,T1,1.01.02,Aplicações Financeiras,0.0
2023-03-31,T1,1.01.02.01,Aplicações Financeiras Avaliadas a Valor Justo através do Resultado,0.0
2023-03-31,T1,1.01.02.01.01,Títulos para Negociação,0.0
2023-03-31,T1,1.01.02.01.02,Títulos Designados a Valor Justo,0.0
2023-03-31,T1,1.01.02.01.03,Títulos e Valores Mobiliários,0.0
2023-03-31,T1,1.01.02.02,Aplicações Financeiras Avaliadas a Valor Justo através de Outros Resultados Abrangentes,0.0
2023-03-31,T1,1.01.02.03,Aplicações Financeiras Avaliadas ao Custo Amortizado,0.0
2023-03-31,T1,1.01.03,Contas a Receber,4911.0
2023-03-31,T1,1.01.03.01,Clientes,4911.0
2023-03-31,T1,1.01.03.02,Outras Contas a Receber,0.0
2023-03-31,T1,1.01.04,Estoques,0.0
2023-03-31,T1,1.01.05,Ativos Biológicos,0.0
2023-03-31,T1,1.01.06,Tributos a Recuperar,9983.0
2023-03-31,T1,1.01.06.01,Tributos Correntes a Recuperar,9983.0
2023-03-31,T1,1.01.07,Despesas Antecipadas,1682.0
2023-03-31,T1,1.01.08,Outros Ativos Circulantes,22182.0
2023-03-31,T1,1.01.08.01,Ativos Não-Correntes a Venda,0.0
2023-03-31,T1,1.01.08.02,Ativos de Operações Descontinuadas,0.0
2023-03-31,T1,1.01.08.03,Outros,22182.0
2023-03-31,T1,1.01.08.03.01,Outros Créditos,4387.0
2023-03-31,T1,1.01.08.03.02,Adiantamento a Fornecedores,337.0
2023-03-31,T1,1.01.08.03.03,Operações com Derivativos,17458.0
2023-03-31,T1,1.01.08.03.04,Contas a Receber - Revenda Empresas,0.0
2023-03-31,T1,1.02,Ativo Não Circulante,87070.0
2023-03-31,T1,1.02.01,Ativo Realizável a Longo Prazo,46992.0
2023-03-31,T1,1.02.01.01,Aplicações Financeiras Avaliadas a Valor Justo através do Resultado,0.0
2023-03-31,T1,1.02.01.01.01,Títulos Designados a Valor Justo,0.0
2023-03-31,T1,1.02.01.02,Aplicações Financeiras Avaliadas a Valor Justo através de Outros Resultados Abrangentes,0.0
2023-03-31,T1,1.02.01.03,Aplicações Financeiras Avaliadas ao Custo Amortizado,0.0
2023-03-31,T1,1.02.01.04,Contas a Receber,0.0
2023-03-31,T1,1.02.01.04.01,Clientes,0.0
2023-03-31,T1,1.02.01.04.02,Outras Contas a Receber,0.0
2023-03-31,T1,1.02.01.05,Estoques,0.0
2023-03-31,T1,1.02.01.06,Ativos Biológicos,0.0
2023-03-31,T1,1.02.01.07,Tributos Diferidos,0.0
2023-03-31,T1,1.02.01.07.01,Imposto de Renda e Contribuição Social Diferidos,0.0
2023-03-31,T1,1.02.01.08,Despesas Antecipadas,0.0
2023-03-31,T1,1.02.01.09,Créditos com Partes Relacionadas,0.0
2023-03-31,T1,1.02.01.09.01,Créditos com Coligadas,0.0
2023-03-31,T1,1.02.01.09.03,Créditos com Controladores,0.0
2023-03-31,T1,1.02.01.09.04,Créditos com Outras Partes Relacionadas,0.0
2023-03-31,T1,1.02.01.10,Outros Ativos Não Circulantes,46992.0
2023-03-31,T1,1.02.01.10.01,Ativos Não-Correntes a Venda,0.0
2023-03-31,T1,1.02.01.10.02,Ativos de Operações Descontinuadas,0.0
2023-03-31,T1,1.02.01.10.03,Outros Créditos,11340.0
2023-03-31,T1,1.02.01.10.04,Operações com Derivativos,34917.0
2023-03-31,T1,1.02.01.10.05,Tributos a Recuperar,0.0
2023-03-31,T1,1.02.01.10.06,Bens Disponíveis para Venda,735.0
2023-03-31,T1,1.02.01.10.07,Títulos e Valores Mobiliários,0.0
2023-03-31,T1,1.02.02,Investimentos,0.0
2023-03-31,T1,1.02.02.01,Participações Societárias,0.0
2023-03-31,T1,1.02.02.01.01,Participações em Coligadas,0.0
2023-03-31,T1,1.02.02.01.04,Participações em Controladas em Conjunto,0.0
2023-03-31,T1,1.02.02.01.05,Outros Investimentos,0.0
2023-03-31,T1,1.02.02.02,Propriedades para Investimento,0.0
2023-03-31,T1,1.02.03,Imobilizado,12887.0
2023-03-31,T1,1.02.03.01,Imobilizado em Operação,4758.0
2023-03-31,T1,1.02.03.02,Direito de Uso em Arrendamento,8129.0
2023-03-31,T1,1.02.03.03,Imobilizado em Andamento,0.0
2023-03-31,T1,1.02.04,Intangível,27191.0
2023-03-31,T1,1.02.04.01,Intangíveis,27191.0
2023-03-31,T1,1.02.04.01.01,Contrato de Concessão,0.0
2023-03-31,T1,1.02.04.01.02,Vida útil indefinida,6287.0
2023-03-31,T1,1.02.04.01.03,Vida útil definida,20904.0
2023-03-31,T1,1.02.04.02,Goodwill,0.0
2023-06-30,T2,1,Ativo Total,129583.0
2023-06-30,T2,1.01,Ativo Circulante,44866.0
2023-06-30,T2,1.01.01,Caixa e Equivalentes de Caixa,5752.0
2023-06-30,T2,1.01.02,Aplicações Financeiras,0.0
2023-06-30,T2,1.01.02.01,Aplicações Financeiras Avaliadas a Valor Justo através do Resultado,0.0
2023-06-30,T2,1.01.02.01.01,Títulos para Negociação,0.0
2023-06-30,T2,1.01.02.01.02,Títulos Designados a Valor Justo,0.0
2023-06-30,T2,1.01.02.01.03,Títulos e Valores Mobiliários,0.0
2023-06-30,T2,1.01.02.02,Aplicações Financeiras Avaliadas a Valor Justo através de Outros Resultados Abrangentes,0.0
2023-06-30,T2,1.01.02.03,Aplicações Financeiras Avaliadas ao Custo Amortizado,0.0
2023-06-30,T2,1.01.03,Contas a Receber,4306.0
2023-06-30,T2,1.01.03.01,Clientes,4306.0
2023-06-30,T2,1.01.03.02,Outras Contas a Receber,0.0
2023-06-30,T2,1.01.04,Estoques,0.0
2023-06-30,T2,1.01.05,Ativos Biológicos,0.0
2023-06-30,T2,1.01.06,Tributos a Recuperar,10405.0
2023-06-30,T2,1.01.06.01,Tributos Correntes a Recuperar,10405.0
2023-06-30,T2,1.01.07,Despesas Antecipadas,1394.0
2023-06-30,T2,1.01.08,Outros Ativos Circulantes,23009.0
2023-06-30,T2,1.01.08.01,Ativos Não-Correntes a Venda,0.0
2023-06-30,T2,1.01.08.02,Ativos de Operações Descontinuadas,0.0
2023-06-30,T2,1.01.08.03,Outros,23009.0
2023-06-30,T2,1.01.08.03.01,Outros Créditos,5185.0
2023-06-30,T2,1.01.08.03.02,Adiantamento a Fornecedores,366.0
2023-06-30,T2,1.01.08.03.03,Operações com Derivativos,17458.0
2023-06-30,T2,1.01.08.03.04,Contas a Receber - Revenda Empresas,0.0
2023-06-30,T2,1.02,Ativo Não Circulante,84717.0
2023-06-30,T2,1.02.01,Ativo Realizável a Longo Prazo,47578.0
2023-06-30,T2,1.02.01.01,Aplicações Financeiras Avaliadas a Valor Justo através do Resultado,0.0
2023-06-30,T2,1.02.01.01.01,Títulos Designados a Valor Justo,0.0
2023-06-30,T2,1.02.01.02,Aplicações Financeiras Avaliadas a Valor Justo através de Outros Resultados Abrangentes,0.0
2023-06-30,T2,1.02.01.03,Aplicações Financeiras Avaliadas ao Custo Amortizado,0.0
2023-06-30,T2,1.02.01.04,Contas a Receber,728.0
2023-06-30,T2,1.02.01.04.01,Clientes,728.0
2023-06-30,T2,1.02.01.04.02,Outras Contas a Receber,0.0
2023-06-30,T2,1.02.01.05,Estoques,0.0
2023-06-30,T2,1.02.01.06,Ativos Biológicos,0.0
2023-06-30,T2,1.02.01.07,Tributos Diferidos,0.0
2023-06-30,T2,1.02.01.07.01,Imposto de Renda e Contribuição Social Diferidos,0.0
2023-06-30,T2,1.02.01.08,Despesas Antecipadas,0.0
2023-06-30,T2,1.02.01.09,Créditos com Partes Relacionadas,0.0
2023-06-30,T2,1.02.01.09.01,Créditos com Coligadas,0.0
2023-06-30,T2,1.02.01.09.03,Créditos com Controladores,0.0
2023-06-30,T2,1.02.01.09.04,Créditos com Outras Partes Relacionadas,0.0
2023-06-30,T2,1.02.01.10,Outros Ativos Não Circulantes,46850.0
2023-06-30,T2,1.02.01.10.01,Ativos Não-Correntes a Venda,0.0
2023-06-30,T2,1.02.01.10.02,Ativos de Operações Descontinuadas,0.0
2023-06-30,T2,1.02.01.10.03,Outros Créditos,11198.0
2023-06-30,T2,1.02.01.10.04,Operações com Derivativos,34917.0
2023-06-30,T2,1.02.01.10.05,Tributos a Recuperar,0.0
2023-06-30,T2,1.02.01.10.06,Bens Disponíveis para Venda,735.0
2023-06-30,T2,1.02.01.10.07,Títulos e Valores Mobiliários,0.0
2023-06-30,T2,1.02.02,Investimentos,0.0
2023-06-30,T2,1.02.02.01,Participações Societárias,0.0
2023-06-30,T2,1.02.02.01.01,Participações em Coligadas,0.0
2023-06-30,T2,1.02.02.01.04,Participações em Controladas em Conjunto,0.0
2023-06-30,T2,1.02.02.01.05,Outros Investimentos,0.0
2023-06-30,T2,1.02.02.02,Propriedades para Investimento,0.0
2023-06-30,T2,1.02.03,Imobilizado,10340.0
2023-06-30,T2,1.02.03.01,Imobilizado em Operação,3736.0
2023-06-30,T2,1.02.03.02,Direito de Uso em Arrendamento,6604.0
2023-06-30,T2,1.02.03.03,Imobilizado em Andamento,0.0
2023-06-30,T2,1.02.04,Intangível,26799.0
2023-06-30,T2,1.02.04.01,Intangíveis,26799.0
2023-06-30,T2,1.02.04.01.01,Contrato de Concessão,0.0
2023-06-30,T2,1.02.04.01.02,Vida útil indefinida,6286.0
2023-06-30,T2,1.02.04.01.03,Vida útil definida,20513.0
2023-06-30,T2,1.02.04.02,Goodwill,0.0
2023-09-30,T3,1,Ativo Total,128527.0
2023-09-30,T3,1.01,Ativo Circulante,46445.0
2023-09-30,T3,1.01.01,Caixa e Equivalentes de Caixa,7901.0
2023-09-30,T3,1.01.02,Aplicações Financeiras,0.0
2023-09-30,T3,1.01.02.01,Aplicações Financeiras Avaliadas a Valor Justo através do Resultado,0.0
2023-09-30,T3,1.01.02.01.01,Títulos para Negociação,0.0
2023-09-30,T3,1.01.02.01.02,Títulos Designados a Valor Justo,0.0
2023-09-30,T3,1.01.02.01.03,Títulos e Valores Mobiliários,0.0
2023-09-30,T3,1.01.02.02,Aplicações Financeiras Avaliadas a Valor Justo através de Outros Resultados Abrangentes,0.0
2023-09-30,T3,1.01.02.03,Aplicações Financeiras Avaliadas ao Custo Amortizado,0.0
2023-09-30,T3,1.01.03,Contas a Receber,3228.0
2023-09-30,T3,1.01.03.01,Clientes,3228.0
2023-09-30,T3,1.01.03.02,Outras Contas a Receber,0.0
2023-09-30,T3,1.01.04,Estoques,0.0
2023-09-30,T3,1.01.05,Ativos Biológicos,0.0
2023-09-30,T3,1.01.06,Tributos a Recuperar,10930.0
2023-09-30,T3,1.01.06.01,Tributos Correntes a Recuperar,10930.0
2023-09-30,T3,1.01.07,Despesas Antecipadas,1375.0
2023-09-30,T3,1.01.08,Outros Ativos Circulantes,23011.0
2023-09-30,T3,1.01.08.01,Ativos Não-Correntes a Venda,0.0
2023-09-30,T3,1.01.08.02,Ativos de Operações Descontinuadas,0.0
2023-09-30,T3,1.01.08.03,Outros,23011.0
2023-09-30,T3,1.01.08.03.01,Outros Créditos,5110.0
2023-09-30,T3,1.01.08.03.02,Adiantamento a Fornecedores,443.0
2023-09-30,T3,1.01.08.03.03,Operações com Derivativos,17458.0
2023-09-30,T3,1.01.08.03.04,Contas a Receber - Revenda Empresas,0.0
2023-09-30,T3,1.02,Ativo Não Circulante,82082.0
2023-09-30,T3,1.02.01,Ativo Realizável a Longo Prazo,47570.0
2023-09-30,T3,1.02.01.01,Aplicações Financeiras Avaliadas a Valor Justo através do Resultado,0.0
2023-09-30,T3,1.02.01.01.01,Títulos Designados a Valor Justo,0.0
2023-09-30,T3,1.02.01.02,Aplicações Financeiras Avaliadas a Valor Justo através de Outros Resultados Abrangentes,0.0
2023-09-30,T3,1.02.01.03,Aplicações Financeiras Avaliadas ao Custo Amortizado,0.0
2023-09-30,T3,1.02.01.04,Contas a Receber,698.0
2023-09-30,T3,1.02.01.04.01,Clientes,698.0
2023-09-30,T3,1.02.01.04.02,Outras Contas a Receber,0.0
2023-09-30,T3,1.02.01.05,Estoques,0.0
2023-09-30,T3,1.02.01.06,Ativos Biológicos,0.0
2023-09-30,T3,1.02.01.07,Tributos Diferidos,0.0
2023-09-30,T3,1.02.01.07.01,Imposto de Renda e Contribuição Social Diferidos,0.0
2023-09-30,T3,1.02.01.08,Despesas Antecipadas,0.0
2023-09-30,T3,1.02.01.09,Créditos com Partes Relacionadas,0.0
2023-09-30,T3,1.02.01.09.01,Créditos com Coligadas,0.0
2023-09-30,T3,1.02.01.09.03,Créditos com Controladores,0.0
2023-09-30,T3,1.02.01.09.04,Créditos com Outras Partes Relacionadas,0.0
2023-09-30,T3,1.02.01.10,Outros Ativos Não Circulantes,46872.0
2023-09-30,T3,1.02.01.10.01,Ativos Não-Correntes a Venda,0.0
2023-09-30,T3,1.02.01.10.02,Ativos de Operações Descontinuadas,0.0
2023-09-30,T3,1.02.01.10.03,Outros Créditos,11220.0
2023-09-30,T3,1.02.01.10.04,Operações com Derivativos,34917.0
2023-09-30,T3,1.02.01.10.05,Tributos a Recuperar,0.0
2023-09-30,T3,1.02.01.10.06,Bens Disponíveis para Venda,735.0
2023-09-30,T3,1.02.01.10.07,Títulos e Valores Mobiliários,0.0
2023-09-30,T3,1.02.02,Investimentos,0.0
2023-09-30,T3,1.02.02.01,Participações Societárias,0.0
2023-09-30,T3,1.02.02.01.01,Participações em Coligadas,0.0
2023-09-30,T3,1.02.02.01.04,Participações em Controladas em Conjunto,0.0
2023-09-30,T3,1.02.02.01.05,Outros Investimentos,0.0
2023-09-30,T3,1.02.02.02,Propriedades para Investimento,0.0
2023-09-30,T3,1.02.03,Imobilizado,8750.0
2023-09-30,T3,1.02.03.01,Imobilizado em Operação,3419.0
2023-09-30,T3,1.02.03.02,Direito de Uso em Arrendamento,5331.0
2023-09-30,T3,1.02.03.03,Imobilizado em Andamento,0.0
2023-09-30,T3,1.02.04,Intangível,25762.0
2023-09-30,T3,1.02.04.01,Intangíveis,25762.0
2023-09-30,T3,1.02.04.01.01,Contrato de Concessão,0.0
2023-09-30,T3,1.02.04.01.02,Vida útil indefinida,6287.0
2023-09-30,T3,1.02.04.01.03,Vida útil definida,19475.0
2023-09-30,T3,1.02.04.02,Goodwill,0.0
2024-03-31,T1,1,Ativo Total,113468.0
2024-03-31,T1,1.01,Ativo Circulante,42913.0
2024-03-31,T1,1.01.01,Caixa e Equivalentes de Caixa,6664.0
2024-03-31,T1,1.01.02,Aplicações Financeiras,0.0
2024-03-31,T1,1.01.02.01,Aplicações Financeiras Avaliadas a Valor Justo através do Resultado,0.0
2024-03-31,T1,1.01.02.01.01,Títulos para Negociação,0.0
2024-03-31,T1,1.01.02.01.02,Títulos Designados a Valor Justo,0.0
2024-03-31,T1,1.01.02.01.03,Títulos e Valores Mobiliários,0.0
2024-03-31,T1,1.01.02.02,Aplicações Financeiras Avaliadas a Valor Justo através de Outros Resultados Abrangentes,0.0
2024-03-31,T1,1.01.02.03,Aplicações Financeiras Avaliadas ao Custo Amortizado,0.0
2024-03-31,T1,1.01.03,Contas a Receber,3048.0
2024-03-31,T1,1.01.03.01,Clientes,3048.0
2024-03-31,T1,1.01.03.02,Outras Contas a Receber,0.0
2024-03-31,T1,1.01.04,Estoques,0.0
2024-03-31,T1,1.01.05,Ativos Biológicos,0.0
2024-03-31,T1,1.01.06,Tributos a Recuperar,9415.0
2024-03-31,T1,1.01.06.01,Tributos Correntes a Recuperar,9415.0
2024-03-31,T1,1.01.07,Despesas Antecipadas,925.0
2024-03-31,T1,1.01.08,Outros Ativos Circulantes,22861.0
2024-03-31,T1,1.01.08.01,Ativos Não-Correntes a Venda,0.0
2024-03-31,T1,1.01.08.02,Ativos de Operações Descontinuadas,0.0
2024-03-31,T1,1.01.08.03,Outros,22861.0
2024-03-31,T1,1.01.08.03.01,Outros Créditos,4903.0
2024-03-31,T1,1.01.08.03.02,Adiantamento a Fornecedores,500.0
2024-03-31,T1,1.01.08.03.03,Operações com Derivativos,17458.0
2024-03-31,T1,1.01.08.03.04,Contas a Receber - Revenda Empresas,0.0
2024-03-31,T1,1.02,Ativo Não Circulante,70555.0
2024-03-31,T1,1.02.01,Ativo Realizável a Longo Prazo,46711.0
2024-03-31,T1,1.02.01.01,Aplicações Financeiras Avaliadas a Valor Justo através do Resultado,0.0
2024-03-31,T1,1.02.01.01.01,Títulos Designados a Valor Justo,0.0
2024-03-31,T1,1.02.01.02,Aplicações Financeiras Avaliadas a Valor Justo através de Outros Resultados Abrangentes,0.0
2024-03-31,T1,1.02.01.03,Aplicações Financeiras Avaliadas ao Custo Amortizado,0.0
2024-03-31,T1,1.02.01.04,Contas a Receber,0.0
2024-03-31,T1,1.02.01.04.01,Clientes,0.0
2024-03-31,T1,1.02.01.04.02,Outras Contas a Receber,0.0
2024-03-31,T1,1.02.01.05,Estoques,0.0
2024-03-31,T1,1.02.01.06,Ativos Biológicos,0.0
2024-03-31,T1,1.02.01.07,Tributos Diferidos,0.0
2024-03-31,T1,1.02.01.07.01,Imposto de Renda e Contribuição Social Diferidos,0.0
2024-03-31,T1,1.02.01.08,Despesas Antecipadas,0.0
2024-03-31,T1,1.02.01.09,Créditos com Partes Relacionadas,0.0
2024-03-31,T1,1.02.01.09.01,Créditos com Coligadas,0.0
2024-03-31,T1,1.02.01.09.03,Créditos com Controladores,0.0
2024-03-31,T1,1.02.01.09.04,Créditos com Outras Partes Relacionadas,0.0
2024-03-31,T1,1.02.01.10,Outros Ativos Não Circulantes,46711.0
2024-03-31,T1,1.02.01.10.01,Ativos Não-Correntes a Venda,0.0
2024-03-31,T1,1.02.01.10.02,Ativos de Operações Descontinuadas,0.0
2024-03-31,T1,1.02.01.10.03,Outros Créditos,11059.0
2024-03-31,T1,1.02.01.10.04,Operações com Derivativos,34917.0
2024-03-31,T1,1.02.01.10.05,Tributos a Recuperar,0.0
2024-03-31,T1,1.02.01.10.06,Bens Disponíveis para Venda,735.0
2024-03-31,T1,1.02.01.10.07,Títulos e Valores Mobiliários,0.0
2024-03-31,T1,1.02.02,Investimentos,0.0
2024-03-31,T1,1.02.02.01,Participações Societárias,0.0
2024-03-31,T1,1.02.02.01.01,Participações em Coligadas,0.0
2024-03-31,T1,1.02.02.01.04,Participações em Controladas em Conjunto,0.0
2024-03-31,T1,1.02.02.01.05,Outros Investimentos,0.0
2024-03-31,T1,1.02.02.02,Propriedades para Investimento,0.0
2024-03-31,T1,1.02.03,Imobilizado,5470.0
2024-03-31,T1,1.02.03.01,Imobilizado em Operação,2547.0
2024-03-31,T1,1.02.03.02,Direito de Uso em Arrendamento,2923.0
2024-03-31,T1,1.02.03.03,Imobilizado em Andamento,0.0
2024-03-31,T1,1.02.04,Intangível,18374.0
2024-03-31,T1,1.02.04.01,Intangíveis,18374.0
2024-03-31,T1,1.02.04.01.01,Contrato de Concessão,0.0
2024-03-31,T1,1.02.04.01.02,Vida útil indefinida,6287.0
2024-03-31,T1,1.02.04.01.03,Vida útil definida,12087.0
2024-03-31,T1,1.02.04.02,Goodwill,0.0
2024-06-30,T2,1,Ativo Total,115197.0
2024-06-30,T2,1.01,Ativo Circulante,47148.0
2024-06-30,T2,1.01.01,Caixa e Equivalentes de Caixa,10544.0
2024-06-30,T2,1.01.02,Aplicações Financeiras,5.0
2024-06-30,T2,1.01.02.01,Aplicações Financeiras Avaliadas a Valor Justo através do Resultado,5.0
2024-06-30,T2,1.01.02.01.01,Títulos para Negociação,0.0
2024-06-30,T2,1.01.02.01.02,Títulos Designados a Valor Justo,0.0
2024-06-30,T2,1.01.02.01.03,Títulos e Valores Mobiliários,5.0
2024-06-30,T2,1.01.02.02,Aplicações Financeiras Avaliadas a Valor Justo através de Outros Resultados Abrangentes,0.0
2024-06-30,T2,1.01.02.03,Aplicações Financeiras Avaliadas ao Custo Amortizado,0.0
2024-06-30,T2,1.01.03,Contas a Receber,2265.0
2024-06-30,T2,1.01.03.01,Clientes,2265.0
2024-06-30,T2,1.01.03.02,Outras Contas a Receber,0.0
2024-06-30,T2,1.01.04,Estoques,0.0
2024-06-30,T2,1.01.05,Ativos Biológicos,0.0
2024-06-30,T2,1.01.06,Tributos a Recuperar,9943.0
2024-06-30,T2,1.01.06.01,Tributos Correntes a Recuperar,9943.0
2024-06-30,T2,1.01.07,Despesas Antecipadas,1456.0
2024-06-30,T2,1.01.08,Outros Ativos Circulantes,22935.0
2024-06-30,T2,1.01.08.01,Ativos Não-Correntes a Venda,0.0
2024-06-30,T2,1.01.08.02,Ativos de Operações Descontinuadas,0.0
2024-06-30,T2,1.01.08.03,Outros,22935.0
2024-06-30,T2,1.01.08.03.01,Outros Créditos,4901.0
2024-06-30,T2,1.01.08.03.02,Adiantamento a Fornecedores,576.0
2024-06-30,T2,1.01.08.03.03,Operações com Derivativos,17458.0
2024-06-30,T2,1.01.08.03.04,Contas a Receber - Revenda Empresas,0.0
2024-06-30,T2,1.02,Ativo Não Circulante,68049.0
2024-06-30,T2,1.02.01,Ativo Realizável a Longo Prazo,46577.0
2024-06-30,T2,1.02.01.01,Aplicações Financeiras Avaliadas a Valor Justo através do Resultado,0.0
2024-06-30,T2,1.02.01.01.01,Títulos Designados a Valor Justo,0.0
2024-06-30,T2,1.02.01.02,Aplicações Financeiras Avaliadas a Valor Justo através de Outros Resultados Abrangentes,0.0
2024-06-30,T2,1.02.01.03,Aplicações Financeiras Avaliadas ao Custo Amortizado,0.0
2024-06-30,T2,1.02.01.04,Contas a Receber,0.0
2024-06-30,T2,1.02.01.04.01,Clientes,0.0
2024-06-30,T2,1.02.01.04.02,Outras Contas a Receber,0.0
2024-06-30,T2,1.02.01.05,Estoques,0.0
2024-06-30,T2,1.02.01.06,Ativos Biológicos,0.0
2024-06-30,T2,1.02.01.07,Tributos Diferidos,0.0
2024-06-30,T2,1.02.01.07.01,Imposto de Renda e Contribuição Social Diferidos,0.0
2024-06-30,T2,1.02.01.08,Despesas Antecipadas,0.0
2024-06-30,T2,1.02.01.09,Créditos com Partes Relacionadas,0.0
2024-06-30,T2,1.02.01.09.01,Créditos com Coligadas,0.0
2024-06-30,T2,1.02.01.09.03,Créditos com Controladores,0.0
2024-06-30,T2,1.02.01.09.04,Créditos com Outras Partes Relacionadas,0.0
2024-06-30,T2,1.02.01.10,Outros Ativos Não Circulantes,46577.0
2024-06-30,T2,1.02.01.10.01,Ativos Não-Correntes a Venda,0.0
2024-06-30,T2,1.02.01.10.02,Ativos de Operações Descontinuadas,0.0
2024-06-30,T2,1.02.01.10.03,Outros Créditos,10925.0
2024-06-30,T2,1.02.01.10.04,Operações com Derivativos,34917.0
2024-06-30,T2,1.02.01.10.05,Tributos a Recuperar,0.0
2024-06-30,T2,1.02.01.10.06,Bens Disponíveis para Venda,735.0
2024-06-30,T2,1.02.01.10.07,Títulos e Valores Mobiliários,0.0
2024-06-30,T2,1.02.02,Investimentos,0.0
2024-06-30,T2,1.02.02.01,Participações Societárias,0.0
2024-06-30,T2,1.02.02.01.01,Participações em Coligadas,0.0
2024-06-30,T2,1.02.02.01.04,Participações em Controladas em Conjunto,0.0
2024-06-30,T2,1.02.02.01.05,Outros Investimentos,0.0
2024-06-30,T2,1.02.02.02,Propriedades para Investimento,0.0
2024-06-30,T2,1.02.03,Imobilizado,4647.0
2024-06-30,T2,1.02.03.01,Imobilizado em Operação,2154.0
2024-06-30,T2,1.02.03.02,Direito de Uso em Arrendamento,2493.0
2024-06-30,T2,1.02.03.03,Imobilizado em Andamento,0.0
2024-06-30,T2,1.02.04,Intangível,16825.0
2024-06-30,T2,1.02.04.01,Intangíveis,16825.0
2024-06-30,T2,1.02.04.01.01,Contrato de Concessão,0.0
2024-06-30,T2,1.02.04.01.02,Vida útil indefinida,6287.0
2024-06-30,T2,1.02.04.01.03,Vida útil definida,10538.0
2024-06-30,T2,1.02.04.02,Goodwill,0.0
2024-09-30,T3,1,Ativo Total,108531.0
2024-09-30,T3,1.01,Ativo Circulante,42693.0
2024-09-30,T3,1.01.01,Caixa e Equivalentes de Caixa,8999.0
2024-09-30,T3,1.01.02,Aplicações Financeiras,5.0
2024-09-30,T3,1.01.02.01,Aplicações Financeiras Avaliadas a Valor Justo através do Resultado,5.0
2024-09-30,T3,1.01.02.01.01,Títulos para Negociação,0.0
2024-09-30,T3,1.01.02.01.02,Títulos Designados a Valor Justo,0.0
2024-09-30,T3,1.01.02.01.03,Títulos e Valores Mobiliários,5.0
2024-09-30,T3,1.01.02.02,Aplicações Financeiras Avaliadas a Valor Justo através de Outros Resultados Abrangentes,0.0
2024-09-30,T3,1.01.02.03,Aplicações Financeiras Avaliadas ao Custo Amortizado,0.0
2024-09-30,T3,1.01.03,Contas a Receber,1162.0
2024-09-30,T3,1.01.03.01,Clientes,1162.0
2024-09-30,T3,1.01.03.02,Outras Contas a Receber,0.0
2024-09-30,T3,1.01.04,Estoques,0.0
2024-09-30,T3,1.01.05,Ativos Biológicos,0.0
2024-09-30,T3,1.01.06,Tributos a Recuperar,8961.0
2024-09-30,T3,1.01.06.01,Tributos Correntes a Recuperar,8961.0
2024-09-30,T3,1.01.07,Despesas Antecipadas,941.0
2024-09-30,T3,1.01.08,Outros Ativos Circulantes,22625.0
2024-09-30,T3,1.01.08.01,Ativos Não-Correntes a Venda,0.0
2024-09-30,T3,1.01.08.02,Ativos de Operações Descontinuadas,0.0
2024-09-30,T3,1.01.08.03,Outros,22625.0
2024-09-30,T3,1.01.08.03.01,Outros Créditos,4539.0
2024-09-30,T3,1.01.08.03.02,Adiantamento a Fornecedores,628.0
2024-09-30,T3,1.01.08.03.03,Operações com Derivativos,17458.0
2024-09-30,T3,1.01.08.03.04,Contas a Receber - Revenda Empresas,0.0
2024-09-30,T3,1.02,Ativo Não Circulante,65838.0
2024-09-30,T3,1.02.01,Ativo Realizável a Longo Prazo,51426.0
2024-09-30,T3,1.02.01.01,Aplicações Financeiras Avaliadas a Valor Justo através do Resultado,0.0
2024-09-30,T3,1.02.01.01.01,Títulos Designados a Valor Justo,0.0
2024-09-30,T3,1.02.01.02,Aplicações Financeiras Avaliadas a Valor Justo através de Outros Resultados Abrangentes,0.0
2024-09-30,T3,1.02.01.03,Aplicações Financeiras Avaliadas ao Custo Amortizado,0.0
2024-09-30,T3,1.02.01.04,Contas a Receber,0.0
2024-09-30,T3,1.02.01.04.01,Clientes,0.0
2024-09-30,T3,1.02.01.04.02,Outras Contas a Receber,0.0
2024-09-30,T3,1.02.01.05,Estoques,0.0
2024-09-30,T3,1.02.01.06,Ativos Biológicos,0.0
2024-09-30,T3,1.02.01.07,Tributos Diferidos,0.0
2024-09-30,T3,1.02.01.07.01,Imposto de Renda e Contribuição Social Diferidos,0.0
2024-09-30,T3,1.02.01.08,Despesas Antecipadas,0.0
2024-09-30,T3,1.02.01.09,Créditos com Partes Relacionadas,736.0
2024-09-30,T3,1.02.01.09.01,Créditos com Coligadas,0.0
2024-09-30,T3,1.02.01.09.03,Créditos com Controladores,0.0
2024-09-30,T3,1.02.01.09.04,Créditos com Outras Partes Relacionadas,736.0
2024-09-30,T3,1.02.01.10,Outros Ativos Não Circulantes,50690.0
2024-09-30,T3,1.02.01.10.01,Ativos Não-Correntes a Venda,0.0
2024-09-30,T3,1.02.01.10.02,Ativos de Operações Descontinuadas,0.0
2024-09-30,T3,1.02.01.10.03,Outros Créditos,10757.0
2024-09-30,T3,1.02.01.10.04,Operações com Derivativos,34917.0
2024-09-30,T3,1.02.01.10.05,Tributos a Recuperar,0.0
2024-09-30,T3,1.02.01.10.06,Bens Disponíveis para Venda,735.0
2024-09-30,T3,1.02.01.10.07,Títulos e Valores Mobiliários,4281.0
2024-09-30,T3,1.02.02,Investimentos,0.0
2024-09-30,T3,1.02.02.01,Participações Societárias,0.0
2024-09-30,T3,1.02.02.01.01,Participações em Coligadas,0.0
2024-09-30,T3,1.02.02.01.04,Participações em Controladas em Conjunto,0.0
2024-09-30,T3,1.02.02.01.05,Outros Investimentos,0.0
2024-09-30,T3,1.02.02.02,Propriedades para Investimento,0.0
2024-09-30,T3,1.02.03,Imobilizado,1755.0
2024-09-30,T3,1.02.03.01,Imobilizado em Operação,1364.0
2024-09-30,T3,1.02.03.02,Direito de Uso em Arrendamento,391.0
2024-09-30,T3,1.02.03.03,Imobilizado em Andamento,0.0
2024-09-30,T3,1.02.04,Intangível,12657.0
2024-09-30,T3,1.02.04.01,Intangíveis,12657.0
2024-09-30,T3,1.02.04.01.01,Contrato de Concessão,0.0
2024-09-30,T3,1.02.04.01.02,Vida útil indefinida,3819.0
2024-09-30,T3,1.02.04.01.03,Vida útil definida,8838.0
2024-09-30,T3,1.02.04.02,Goodwill,0.0
2025-03-31,T1,1,Ativo Total,36116.0
2025-03-31,T1,1.01,Ativo Circulante,20513.0
2025-03-31,T1,1.01.01,Caixa e Equivalentes de Caixa,9688.0
2025-03-31,T1,1.01.02,Aplicações Financeiras,0.0
2025-03-31,T1,1.01.02.01,Aplicações Financeiras Avaliadas a Valor Justo através do Resultado,0.0
2025-03-31,T1,1.01.02.01.01,Títulos para Negociação,0.0
2025-03-31,T1,1.01.02.01.02,Títulos Designados a Valor Justo,0.0
2025-03-31,T1,1.01.02.01.03,Títulos e Valores Mobiliários,0.0
2025-03-31,T1,1.01.02.02,Aplicações Financeiras Avaliadas a Valor Justo através de Outros Resultados Abrangentes,0.0
2025-03-31,T1,1.01.02.03,Aplicações Financeiras Avaliadas ao Custo Amortizado,0.0
2025-03-31,T1,1.01.03,Contas a Receber,916.0
2025-03-31,T1,1.01.03.01,Clientes,916.0
2025-03-31,T1,1.01.03.02,Outras Contas a Receber,0.0
2025-03-31,T1,1.01.04,Estoques,0.0
2025-03-31,T1,1.01.05,Ativos Biológicos,0.0
2025-03-31,T1,1.01.06,Tributos a Recuperar,4346.0
2025-03-31,T1,1.01.06.01,Tributos Correntes a Recuperar,4346.0
2025-03-31,T1,1.01.07,Despesas Antecipadas,245.0
2025-03-31,T1,1.01.08,Outros Ativos Circulantes,5318.0
2025-03-31,T1,1.01.08.01,Ativos Não-Correntes a Venda,0.0
2025-03-31,T1,1.01.08.02,Ativos de Operações Descontinuadas,0.0
2025-03-31,T1,1.01.08.03,Outros,5318.0
2025-03-31,T1,1.01.08.03.01,Outros Créditos,4674.0
2025-03-31,T1,1.01.08.03.02,Adiantamento a Fornecedores,644.0
2025-03-31,T1,1.01.08.03.03,Operações com Derivativos,0.0
2025-03-31,T1,1.01.08.03.04,Contas a Receber - Revenda Empresas,0.0
2025-03-31,T1,1.02,Ativo Não Circulante,15603.0
2025-03-31,T1,1.02.01,Ativo Realizável a Longo Prazo,10487.0
2025-03-31,T1,1.02.01.01,Aplicações Financeiras Avaliadas a Valor Justo através do Resultado,0.0
2025-03-31,T1,1.02.01.01.01,Títulos Designados a Valor Justo,0.0
2025-03-31,T1,1.02.01.02,Aplicações Financeiras Avaliadas a Valor Justo através de Outros Resultados Abrangentes,0.0
2025-03-31,T1,1.02.01.03,Aplicações Financeiras Avaliadas ao Custo Amortizado,0.0
2025-03-31,T1,1.02.01.04,Contas a Receber,0.0
2025-03-31,T1,1.02.01.04.01,Clientes,0.0
2025-03-31,T1,1.02.01.04.02,Outras Contas a Receber,0.0
2025-03-31,T1,1.02.01.05,Estoques,0.0
2025-03-31,T1,1.02.01.06,Ativos Biológicos,0.0
2025-03-31,T1,1.02.01.07,Tributos Diferidos,0.0
2025-03-31,T1,1.02.01.07.01,Imposto de Renda e Contribuição Social Diferidos,0.0
2025-03-31,T1,1.02.01.08,Despesas Antecipadas,0.0
2025-03-31,T1,1.02.01.09,Créditos com Partes Relacionadas,1540.0
2025-03-31,T1,1.02.01.09.01,Créditos com Coligadas,0.0
2025-03-31,T1,1.02.01.09.03,Créditos com Controladores,0.0
2025-03-31,T1,1.02.01.09.04,Créditos com Outras Partes Relacionadas,0.0
2025-03-31,T1,1.02.01.10,Outros Ativos Não Circulantes,8947.0
2025-03-31,T1,1.02.01.10.01,Ativos Não-Correntes a Venda,0.0
2025-03-31,T1,1.02.01.10.02,Ativos de Operações Descontinuadas,0.0
2025-03-31,T1,1.02.01.10.03,Outros Créditos,8212.0
2025-03-31,T1,1.02.01.10.04,Operações com Derivativos,0.0
2025-03-31,T1,1.02.01.10.05,Tributos a Recuperar,0.0
2025-03-31,T1,1.02.01.10.06,Bens Disponíveis para Venda,735.0
2025-03-31,T1,1.02.01.10.07,Títulos e Valores Mobiliários,0.0
2025-03-31,T1,1.02.02,Investimentos,0.0
2025-03-31,T1,1.02.02.01,Participações Societárias,0.0
2025-03-31,T1,1.02.02.01.01,Participações em Coligadas,0.0
2025-03-31,T1,1.02.02.01.04,Participações em Controladas em Conjunto,0.0
2025-03-31,T1,1.02.02.01.05,Outros Investimentos,0.0
2025-03-31,T1,1.02.02.02,Propriedades para Investimento,0.0
2025-03-31,T1,1.02.03,Imobilizado,1048.0
2025-03-31,T1,1.02.03.01,Imobilizado em Operação,870.0
2025-03-31,T1,1.02.03.02,Direito de Uso em Arrendamento,178.0
2025-03-31,T1,1.02.03.03,Imobilizado em Andamento,0.0
2025-03-31,T1,1.02.04,Intangível,4068.0
2025-03-31,T1,1.02.04.01,Intangíveis,4068.0
2025-03-31,T1,1.02.04.01.01,Contrato de Concessão,0.0
2025-03-31,T1,1.02.04.01.02,Vida útil indefinida,2102.0
2025-03-31,T1,1.02.04.01.03,Vida útil definida,1966.0
2025-03-31,T1,1.02.04.02,Goodwill,0.0
2025-06-30,T2,1,Ativo Total,29738.0
2025-06-30,T2,1.01,Ativo Circulante,15872.0
2025-06-30,T2,1.01.01,Caixa e Equivalentes de Caixa,4643.0
2025-06-30,T2,1.01.02,Aplicações Financeiras,0.0
2025-06-30,T2,1.01.02.01,Aplicações Financeiras Avaliadas a Valor Justo através do Resultado,0.0
2025-06-30,T2,1.01.02.01.01,Títulos para Negociação,0.0
2025-06-30,T2,1.01.02.01.02,Títulos Designados a Valor Justo,0.0
2025-06-30,T2,1.01.02.01.03,Títulos e Valores Mobiliários,0.0
2025-06-30,T2,1.01.02.02,Aplicações Financeiras Avaliadas a Valor Justo através de Outros Resultados Abrangentes,0.0
2025-06-30,T2,1.01.02.03,Aplicações Financeiras Avaliadas ao Custo Amortizado,0.0
2025-06-30,T2,1.01.03,Contas a Receber,1158.0
2025-06-30,T2,1.01.03.01,Clientes,1158.0
2025-06-30,T2,1.01.03.02,Outras Contas a Receber,0.0
2025-06-30,T2,1.01.04,Estoques,0.0
2025-06-30,T2,1.01.05,Ativos Biológicos,0.0
2025-06-30,T2,1.01.06,Tributos a Recuperar,4353.0
2025-06-30,T2,1.01.06.01,Tributos Correntes a Recuperar,4353.0
2025-06-30,T2,1.01.07,Despesas Antecipadas,524.0
2025-06-30,T2,1.01.08,Outros Ativos Circulantes,5194.0
2025-06-30,T2,1.01.08.01,Ativos Não-Correntes a Venda,0.0
2025-06-30,T2,1.01.08.02,Ativos de Operações Descontinuadas,0.0
2025-06-30,T2,1.01.08.03,Outros,5194.0
2025-06-30,T2,1.01.08.03.01,Outros Créditos,4563.0
2025-06-30,T2,1.01.08.03.02,Adiantamento a Fornecedores,631.0
2025-06-30,T2,1.01.08.03.03,Operações com Derivativos,0.0
2025-06-30,T2,1.01.08.03.04,Contas a Receber - Revenda Empresas,0.0
2025-06-30,T2,1.02,Ativo Não Circulante,13866.0
2025-06-30,T2,1.02.01,Ativo Realizável a Longo Prazo,9831.0
2025-06-30,T2,1.02.01.01,Aplicações Financeiras Avaliadas a Valor Justo através do Resultado,0.0
2025-06-30,T2,1.02.01.01.01,Títulos Designados a Valor Justo,0.0
2025-06-30,T2,1.02.01.02,Aplicações Financeiras Avaliadas a Valor Justo através de Outros Resultados Abrangentes,0.0
2025-06-30,T2,1.02.01.03,Aplicações Financeiras Avaliadas ao Custo Amortizado,0.0
2025-06-30,T2,1.02.01.04,Contas a Receber,0.0
2025-06-30,T2,1.02.01.04.01,Clientes,0.0
2025-06-30,T2,1.02.01.04.02,Outras Contas a Receber,0.0
2025-06-30,T2,1.02.01.05,Estoques,0.0
2025-06-30,T2,1.02.01.06,Ativos Biológicos,0.0
2025-06-30,T2,1.02.01.07,Tributos Diferidos,0.0
2025-06-30,T2,1.02.01.07.01,Imposto de Renda e Contribuição Social Diferidos,0.0
2025-06-30,T2,1.02.01.08,Despesas Antecipadas,0.0
2025-06-30,T2,1.02.01.09,Créditos com Partes Relacionadas,1199.0
2025-06-30,T2,1.02.01.09.01,Créditos com Coligadas,0.0
2025-06-30,T2,1.02.01.09.03,Créditos com Controladores,0.0
2025-06-30,T2,1.02.01.09.04,Créditos com Outras Partes Relacionadas,1199.0
2025-06-30,T2,1.02.01.10,Outros Ativos Não Circulantes,8632.0
2025-06-30,T2,1.02.01.10.01,Ativos Não-Correntes a Venda,0.0
2025-06-30,T2,1.02.01.10.02,Ativos de Operações Descontinuadas,0.0
2025-06-30,T2,1.02.01.10.03,Outros Créditos,7897.0
2025-06-30,T2,1.02.01.10.04,Operações com Derivativos,0.0
2025-06-30,T2,1.02.01.10.05,Tributos a Recuperar,0.0
2025-06-30,T2,1.02.01.10.06,Bens Disponíveis para Venda,735.0
2025-06-30,T2,1.02.01.10.07,Títulos e Valores Mobiliários,0.0
2025-06-30,T2,1.02.02,Investimentos,0.0
2025-06-30,T2,1.02.02.01,Participações Societárias,0.0
2025-06-30,T2,1.02.02.01.01,Participações em Coligadas,0.0
2025-06-30,T2,1.02.02.01.04,Participações em Controladas em Conjunto,0.0
2025-06-30,T2,1.02.02.01.05,Outros Investimentos,0.0
2025-06-30,T2,1.02.02.02,Propriedades para Investimento,0.0
2025-06-30,T2,1.02.03,Imobilizado,767.0
2025-06-30,T2,1.02.03.01,Imobilizado em Operação,666.0
2025-06-30,T2,1.02.03.02,Direito de Uso em Arrendamento,101.0
2025-06-30,T2,1.02.03.03,Imobilizado em Andamento,0.0
2025-06-30,T2,1.02.04,Intangível,3268.0
2025-06-30,T2,1.02.04.01,Intangíveis,3268.0
2025-06-30,T2,1.02.04.01.01,Contrato de Concessão,0.0
2025-06-30,T2,1.02.04.01.02,Vida útil indefinida,1169.0
2025-06-30,T2,1.02.04.01.03,Vida útil definida,2099.0
2025-06-30,T2,1.02.04.02,Goodwill,0.0
2025-09-30,T3,1,Ativo Total,26064.0
2025-09-30,T3,1.01,Ativo Circulante,12252.0
2025-09-30,T3,1.01.01,Caixa e Equivalentes de Caixa,2183.0
2025-09-30,T3,1.01.02,Aplicações Financeiras,0.0
2025-09-30,T3,1.01.02.01,Aplicações Financeiras Avaliadas a Valor Justo através do Resultado,0.0
2025-09-30,T3,1.01.02.01.01,Títulos para Negociação,0.0
2025-09-30,T3,1.01.02.01.02,Títulos Designados a Valor Justo,0.0
2025-09-30,T3,1.01.02.01.03,Títulos e Valores Mobiliários,0.0
2025-09-30,T3,1.01.02.02,Aplicações Financeiras Avaliadas a Valor Justo através de Outros Resultados Abrangentes,0.0
2025-09-30,T3,1.01.02.03,Aplicações Financeiras Avaliadas ao Custo Amortizado,0.0
2025-09-30,T3,1.01.03,Contas a Receber,819.0
2025-09-30,T3,1.01.03.01,Clientes,819.0
2025-09-30,T3,1.01.03.02,Outras Contas a Receber,0.0
2025-09-30,T3,1.01.04,Estoques,0.0
2025-09-30,T3,1.01.05,Ativos Biológicos,0.0
2025-09-30,T3,1.01.06,Tributos a Recuperar,4326.0
2025-09-30,T3,1.01.06.01,Tributos Correntes a Recuperar,4326.0
2025-09-30,T3,1.01.07,Despesas Antecipadas,382.0
2025-09-30,T3,1.01.08,Outros Ativos Circulantes,4542.0
2025-09-30,T3,1.01.08.01,Ativos Não-Correntes a Venda,0.0
2025-09-30,T3,1.01.08.02,Ativos de Operações Descontinuadas,0.0
2025-09-30,T3,1.01.08.03,Outros,4542.0
2025-09-30,T3,1.01.08.03.01,Outros Créditos,4238.0
2025-09-30,T3,1.01.08.03.02,Adiantamento a Fornecedores,304.0
2025-09-30,T3,1.01.08.03.03,Operações com Derivativos,0.0
2025-09-30,T3,1.01.08.03.04,Contas a Receber - Revenda Empresas,0.0
2025-09-30,T3,1.02,Ativo Não Circulante,13812.0
2025-09-30,T3,1.02.01,Ativo Realizável a Longo Prazo,10154.0
2025-09-30,T3,1.02.01.01,Aplicações Financeiras Avaliadas a Valor Justo através do Resultado,0.0
2025-09-30,T3,1.02.01.01.01,Títulos Designados a Valor Justo,0.0
2025-09-30,T3,1.02.01.02,Aplicações Financeiras Avaliadas a Valor Justo através de Outros Resultados Abrangentes,0.0
2025-09-30,T3,1.02.01.03,Aplicações Financeiras Avaliadas ao Custo Amortizado,0.0
2025-09-30,T3,1.02.01.04,Contas a Receber,0.0
2025-09-30,T3,1.02.01.04.01,Clientes,0.0
2025-09-30,T3,1.02.01.04.02,Outras Contas a Receber,0.0
2025-09-30,T3,1.02.01.05,Estoques,0.0
2025-09-30,T3,1.02.01.06,Ativos Biológicos,0.0
2025-09-30,T3,1.02.01.07,Tributos Diferidos,0.0
2025-09-30,T3,1.02.01.07.01,Imposto de Renda e Contribuição Social Diferidos,0.0
2025-09-30,T3,1.02.01.08,Despesas Antecipadas,0.0
2025-09-30,T3,1.02.01.09,Créditos com Partes Relacionadas,1348.0
2025-09-30,T3,1.02.01.09.01,Créditos com Coligadas,0.0
2025-09-30,T3,1.02.01.09.03,Créditos com Controladores,0.0
2025-09-30,T3,1.02.01.09.04,Créditos com Outras Partes Relacionadas,1348.0
2025-09-30,T3,1.02.01.10,Outros Ativos Não Circulantes,8806.0
2025-09-30,T3,1.02.01.10.01,Ativos Não-Correntes a Venda,0.0
2025-09-30,T3,1.02.01.10.02,Ativos de Operações Descontinuadas,0.0
2025-09-30,T3,1.02.01.10.03,Outros Créditos,8071.0
2025-09-30,T3,1.02.01.10.04,Operações com Derivativos,0.0
2025-09-30,T3,1.02.01.10.05,Tributos a Recuperar,0.0
2025-09-30,T3,1.02.01.10.06,Bens Disponíveis para Venda,735.0
2025-09-30,T3,1.02.01.10.07,Títulos e Valores Mobiliários,0.0
2025-09-30,T3,1.02.02,Investimentos,0.0
2025-09-30,T3,1.02.02.01,Participações Societárias,0.0
2025-09-30,T3,1.02.02.01.01,Participações em Coligadas,0.0
2025-09-30,T3,1.02.02.01.04,Participações em Controladas em Conjunto,0.0
2025-09-30,T3,1.02.02.01.05,Outros Investimentos,0.0
2025-09-30,T3,1.02.02.02,Propriedades para Investimento,0.0
2025-09-30,T3,1.02.03,Imobilizado,631.0
2025-09-30,T3,1.02.03.01,Imobilizado em Operação,603.0
2025-09-30,T3,1.02.03.02,Direito de Uso em Arrendamento,28.0
2025-09-30,T3,1.02.03.03,Imobilizado em Andamento,0.0
2025-09-30,T3,1.02.04,Intangível,3027.0
2025-09-30,T3,1.02.04.01,Intangíveis,3027.0
2025-09-30,T3,1.02.04.01.01,Contrato de Concessão,0.0
2025-09-30,T3,1.02.04.01.02,Vida útil indefinida,1169.0
2025-09-30,T3,1.02.04.01.03,Vida útil definida,1858.0
2025-09-30,T3,1.02.04.02,Goodwill,0.0
