data_fim,trimestre,cd_conta,ds_conta,valor_mil
2021-06-30,T2,6.01,Caixa Líquido Atividades Operacionais,-243851.0
2021-06-30,T2,6.01.01,Caixa Gerado nas Operações,231868.0
2021-06-30,T2,6.01.01.01,Caixa Gerado nas Operações,0.0
2021-06-30,T2,6.01.01.02,Lucro do exercício antes dos impostos,184865.0
2021-06-30,T2,6.01.01.03,Depreciação e amortização,10746.0
2021-06-30,T2,6.01.01.04,Depreciação de direito de uso,1843.0
2021-06-30,T2,6.01.01.05,"Juros, atualizações monetárias e variação cambial sobre empréstimos",33528.0
2021-06-30,T2,6.01.01.06,Ajuste a valor justo de instrumento derivativo swap,14610.0
2021-06-30,T2,6.01.01.07,Provisão para devedores duvidosos,3519.0
2021-06-30,T2,6.01.01.08,Provisão para litígios,1101.0
2021-06-30,T2,6.01.01.09,Despesa com plano de opções,5324.0
2021-06-30,T2,6.01.01.10,Custo residual do ativo imobilizado baixado,285.0
2021-06-30,T2,6.01.01.11,Ajuste a valor justo de commodities,-22584.0
2021-06-30,T2,6.01.01.12,Rendimento de aplicações financeiras,-1369.0
2021-06-30,T2,6.01.01.13,Ajuste a valor presente de ativo de arrendamento,0.0
2021-06-30,T2,6.01.02,Variações nos Ativos e Passivos,-475719.0
2021-06-30,T2,6.01.02.01,Contas a receber de clientes,562596.0
2021-06-30,T2,6.01.02.02,Instrumentos financeiros,-224196.0
2021-06-30,T2,6.01.02.03,Estoques,-1649605.0
2021-06-30,T2,6.01.02.04,Impostos a recuperar,-2749.0
2021-06-30,T2,6.01.02.05,Adiantamentos,4947.0
2021-06-30,T2,6.01.02.06,Despesas antecipadas,-22016.0
2021-06-30,T2,6.01.02.07,Partes Relacionadas,-1347.0
2021-06-30,T2,6.01.02.08,Depósitos judiciais,76.0
2021-06-30,T2,6.01.02.09,Outros ativos,-7633.0
2021-06-30,T2,6.01.02.10,Fornecedores,416362.0
2021-06-30,T2,6.01.02.11,Impostos a recolher,-7199.0
2021-06-30,T2,6.01.02.12,"Salários, provisões e encargos sociais",-125.0
2021-06-30,T2,6.01.02.13,Parcelamentos tributários,-1076.0
2021-06-30,T2,6.01.02.14,Adiantamentos de clientes,230091.0
2021-06-30,T2,6.01.02.15,Instrumentos financeiros,224436.0
2021-06-30,T2,6.01.02.16,Outros passivos,1719.0
2021-06-30,T2,6.01.03,Outros,0.0
2021-06-30,T2,6.01.03.01,Imposto de renda e contribuição socil pagos,0.0
2021-06-30,T2,6.02,Caixa Líquido Atividades de Investimento,-102462.0
2021-06-30,T2,6.02.01,Caixa Líquido Atividades de Investimento,0.0
2021-06-30,T2,6.02.02,Caixa oriundo de incorporação de coligada (Nota 1),0.0
2021-06-30,T2,6.02.03,Aquisição de imobilizado,-102420.0
2021-06-30,T2,6.02.04,Aquisição de intangível,-42.0
2021-06-30,T2,6.02.05,Aplicação Financeira,0.0
2021-06-30,T2,6.02.06,Investimento em Coligada,0.0
2021-06-30,T2,6.03,Caixa Líquido Atividades de Financiamento,255517.0
2021-06-30,T2,6.03.01,Empréstimos e financiamentos captados,691374.0
2021-06-30,T2,6.03.02,Pagamentos de empréstimos e financiamentos,-409471.0
2021-06-30,T2,6.03.03,Pagamento de dividendos,-25721.0
2021-06-30,T2,6.03.04,Pagamento de arrendamento,-665.0
2021-06-30,T2,6.03.05,Custo com emissão de ações,0.0
2021-06-30,T2,6.03.06,Integralização de capital,0.0
2021-06-30,T2,6.04,Variação Cambial s/ Caixa e Equivalentes,0.0
2021-06-30,T2,6.05,Aumento (Redução) de Caixa e Equivalentes,-90796.0
2021-06-30,T2,6.05.01,Saldo Inicial de Caixa e Equivalentes,252692.0
2021-06-30,T2,6.05.02,Saldo Final de Caixa e Equivalentes,161896.0
2021-09-30,T3,6.01,Caixa Líquido Atividades Operacionais,83707.0
2021-09-30,T3,6.01.01,Caixa Gerado nas Operações,391855.0
2021-09-30,T3,6.01.01.01,Lucro do período antes dos impostos,281830.0
2021-09-30,T3,6.01.01.02,Depreciação e amortização,16763.0
2021-09-30,T3,6.01.01.03,Depreciação de direito de uso,2989.0
2021-09-30,T3,6.01.01.04,"Juros, atualizações monetárias e variação cambial sobre empréstimos",76154.0
2021-09-30,T3,6.01.01.05,Ajuste a valor justo de instrumento derivativo swap,-2770.0
2021-09-30,T3,6.01.01.06,Provisão para devedores duvidosos,680.0
2021-09-30,T3,6.01.01.07,Provisão para litígios,928.0
2021-09-30,T3,6.01.01.08,Despesa com outorga de opções de ações,9318.0
2021-09-30,T3,6.01.01.09,Ajuste a valor presente de passivo de arrendamento,781.0
2021-09-30,T3,6.01.01.10,Custo residual do ativo imobilizado baixado,942.0
2021-09-30,T3,6.01.01.11,Ajuste a valor justo de commodities,20147.0
2021-09-30,T3,6.01.01.12,Rendimento de aplicações financeiras,-15907.0
2021-09-30,T3,6.01.01.13,Crédito tributário registrado,0.0
2021-09-30,T3,6.01.02,Variações nos Ativos e Passivos,-308148.0
2021-09-30,T3,6.01.02.01,Contas a receber de clientes,384285.0
2021-09-30,T3,6.01.02.02,Instrumentos financeiros,-22932.0
2021-09-30,T3,6.01.02.03,Estoques,-1076540.0
2021-09-30,T3,6.01.02.04,Impostos a recuperar,-20494.0
2021-09-30,T3,6.01.02.05,Adiantamentos,7615.0
2021-09-30,T3,6.01.02.06,Despesas antecipadas,-18796.0
2021-09-30,T3,6.01.02.07,Partes relacionadas,-2136.0
2021-09-30,T3,6.01.02.08,Depósitos judiciais,76.0
2021-09-30,T3,6.01.02.09,Outros ativos,13757.0
2021-09-30,T3,6.01.02.10,Fornecedores,352274.0
2021-09-30,T3,6.01.02.11,Impostos a recolher,-9268.0
2021-09-30,T3,6.01.02.12,"Salários, provisões e encargos sociais",4526.0
2021-09-30,T3,6.01.02.13,Parcelamentos tributários,-1400.0
2021-09-30,T3,6.01.02.14,Adiantamento de clientes,48929.0
2021-09-30,T3,6.01.02.15,Instrumentos financeiros,22498.0
2021-09-30,T3,6.01.02.16,Outros passivos,9458.0
2021-09-30,T3,6.01.03,Outros,0.0
2021-09-30,T3,6.01.03.01,Imposto de renda e contribuição socil pagos,0.0
2021-09-30,T3,6.02,Caixa Líquido Atividades de Investimento,-1012663.0
2021-09-30,T3,6.02.01,Aplicação financeira,-769428.0
2021-09-30,T3,6.02.02,Aquisição de imobilizado,-242902.0
2021-09-30,T3,6.02.03,Aquisição de intangível,-333.0
2021-09-30,T3,6.02.06,Investimento em Controlada,0.0
2021-09-30,T3,6.03,Caixa Líquido Atividades de Financiamento,1236597.0
2021-09-30,T3,6.03.01,"Aumento de capital, através de IPO",1152941.0
2021-09-30,T3,6.03.02,(-) Custos com a emissão de ações,-70801.0
2021-09-30,T3,6.03.03,Empréstimos e financiamentos captados,695249.0
2021-09-30,T3,6.03.04,Pagamentos de empréstimos e financiamentos,-511084.0
2021-09-30,T3,6.03.05,Pagamento de dividendos,-25721.0
2021-09-30,T3,6.03.06,Pagamento de arrendamentos,-3987.0
2021-09-30,T3,6.03.07,Integralização de capital,0.0
2021-09-30,T3,6.04,Variação Cambial s/ Caixa e Equivalentes,0.0
2021-09-30,T3,6.05,Aumento (Redução) de Caixa e Equivalentes,307641.0
2021-09-30,T3,6.05.01,Saldo Inicial de Caixa e Equivalentes,252692.0
2021-09-30,T3,6.05.02,Saldo Final de Caixa e Equivalentes,560333.0
2022-03-31,T1,6.01,Caixa Líquido Atividades Operacionais,-197905.0
2022-03-31,T1,6.01.01,Caixa Gerado nas Operações,49976.0
2022-03-31,T1,6.01.01.01,Caixa Gerado nas Operações,0.0
2022-03-31,T1,6.01.01.02,Lucro do exercício antes dos impostos,52264.0
2022-03-31,T1,6.01.01.03,Depreciação e amortização,6945.0
2022-03-31,T1,6.01.01.04,Amortização direito de uso,1115.0
2022-03-31,T1,6.01.01.05,"Juros, atualizações monetárias e variação cambial sobre empréstimos",-28464.0
2022-03-31,T1,6.01.01.06,Provisão para devedores duvidosos,-319.0
2022-03-31,T1,6.01.01.07,Provisão para litígios,-23.0
2022-03-31,T1,6.01.01.08,Ajuste a valor presente de passivo de arrendamento,251.0
2022-03-31,T1,6.01.01.09,Custo residual do ativo imobilizado baixado,11.0
2022-03-31,T1,6.01.01.10,Ajuste a Valor Justo,41559.0
2022-03-31,T1,6.01.01.11,Despesa com opções outorgadas,2741.0
2022-03-31,T1,6.01.01.12,Variação cambial sobre empréstimos,0.0
2022-03-31,T1,6.01.01.13,Rendimento de aplicação financeira,-26104.0
2022-03-31,T1,6.01.01.14,Ajuste a valor justo de derivativo financeiro,0.0
2022-03-31,T1,6.01.02,Variações nos Ativos e Passivos,-239429.0
2022-03-31,T1,6.01.02.01,Contas a receber de clientes,-143218.0
2022-03-31,T1,6.01.02.02,Instrumentos financeiros,2766.0
2022-03-31,T1,6.01.02.03,Estoques,-144851.0
2022-03-31,T1,6.01.02.04,Impostos a recuperar,-23079.0
2022-03-31,T1,6.01.02.05,Outros ativos,-12897.0
2022-03-31,T1,6.01.02.06,Fornecedores,50778.0
2022-03-31,T1,6.01.02.07,Impostos a recolher,2465.0
2022-03-31,T1,6.01.02.08,"Salários, provisões e encargos sociais",-4802.0
2022-03-31,T1,6.01.02.09,Parcelamentos,-272.0
2022-03-31,T1,6.01.02.10,Adiantamento de clientes,4527.0
2022-03-31,T1,6.01.02.11,Instrumentos financeiros,9219.0
2022-03-31,T1,6.01.02.12,Outros passivos,19935.0
2022-03-31,T1,6.01.03,Outros,-8452.0
2022-03-31,T1,6.01.03.01,Imposto de renda e contribuição social pagos,-8452.0
2022-03-31,T1,6.02,Caixa Líquido Atividades de Investimento,52113.0
2022-03-31,T1,6.02.01,Caixa Líquido Atividades de Investimento,0.0
2022-03-31,T1,6.02.02,Caixa oriundo de incorporação de coligada (Nota 1),0.0
2022-03-31,T1,6.02.03,Aquisição de imobilizado,-122618.0
2022-03-31,T1,6.02.04,Aquisição de intangível,0.0
2022-03-31,T1,6.02.06,Aplicação Financeira,174731.0
2022-03-31,T1,6.03,Caixa Líquido Atividades de Financiamento,514473.0
2022-03-31,T1,6.03.01,Empréstimos e financiamentos captados,801404.0
2022-03-31,T1,6.03.02,Pagamentos de empréstimos e financiamentos e juros,-293664.0
2022-03-31,T1,6.03.03,Pagamento de dividendos,0.0
2022-03-31,T1,6.03.04,Pagamento de arrendamento,-857.0
2022-03-31,T1,6.03.05,Custo com emissão de ações,-298.0
2022-03-31,T1,6.03.06,Integralização de Capital,7888.0
2022-03-31,T1,6.04,Variação Cambial s/ Caixa e Equivalentes,0.0
2022-03-31,T1,6.05,Aumento (Redução) de Caixa e Equivalentes,368681.0
2022-03-31,T1,6.05.01,Saldo Inicial de Caixa e Equivalentes,351590.0
2022-03-31,T1,6.05.02,Saldo Final de Caixa e Equivalentes,720271.0
2022-06-30,T2,6.01,Caixa Líquido Atividades Operacionais,-495568.0
2022-06-30,T2,6.01.01,Caixa Gerado nas Operações,198416.0
2022-06-30,T2,6.01.01.01,Caixa Gerado nas Operações,0.0
2022-06-30,T2,6.01.01.02,Lucro do exercício antes dos impostos,212452.0
2022-06-30,T2,6.01.01.03,Depreciação e amortização,14750.0
2022-06-30,T2,6.01.01.04,Depreciação de direito de uso,2195.0
2022-06-30,T2,6.01.01.05,"Juros, atualizações monetárias e variação cambial sobre empréstimos",28667.0
2022-06-30,T2,6.01.01.06,Ajuste a valor justo de instrumento derivativo swap,6652.0
2022-06-30,T2,6.01.01.07,Provisão para devedores duvidosos,118.0
2022-06-30,T2,6.01.01.08,Provisão para litígios,2221.0
2022-06-30,T2,6.01.01.09,Despesa com plano de opções,5779.0
2022-06-30,T2,6.01.01.10,Custo residual do ativo imobilizado baixado,127.0
2022-06-30,T2,6.01.01.11,Ajuste a valor justo de commodities,-24030.0
2022-06-30,T2,6.01.01.12,Rendimento de aplicações financeiras,-51072.0
2022-06-30,T2,6.01.01.13,Ajuste a valor presente de ativo de arrendamento,557.0
2022-06-30,T2,6.01.02,Variações nos Ativos e Passivos,-674839.0
2022-06-30,T2,6.01.02.01,Contas a receber de clientes,498998.0
2022-06-30,T2,6.01.02.02,Instrumentos financeiros,11868.0
2022-06-30,T2,6.01.02.03,Estoques,-1006623.0
2022-06-30,T2,6.01.02.04,Impostos a recuperar,-64806.0
2022-06-30,T2,6.01.02.05,Adiantamentos,79.0
2022-06-30,T2,6.01.02.06,Despesas antecipadas,-7132.0
2022-06-30,T2,6.01.02.07,Partes Relacionadas,-1308.0
2022-06-30,T2,6.01.02.08,Depósitos judiciais,15.0
2022-06-30,T2,6.01.02.09,Outros ativos,-21374.0
2022-06-30,T2,6.01.02.10,Fornecedores,-101060.0
2022-06-30,T2,6.01.02.11,Impostos a recolher,6257.0
2022-06-30,T2,6.01.02.12,"Salários, provisões e encargos sociais",1445.0
2022-06-30,T2,6.01.02.13,Parcelamentos tributários,-539.0
2022-06-30,T2,6.01.02.14,Adiantamentos de clientes,259.0
2022-06-30,T2,6.01.02.15,Instrumentos financeiros,-11867.0
2022-06-30,T2,6.01.02.16,Outros passivos,20949.0
2022-06-30,T2,6.01.03,Outros,-19145.0
2022-06-30,T2,6.01.03.01,Imposto de renda e contribuição socil pagos,-19145.0
2022-06-30,T2,6.02,Caixa Líquido Atividades de Investimento,77054.0
2022-06-30,T2,6.02.01,Caixa Líquido Atividades de Investimento,0.0
2022-06-30,T2,6.02.02,Caixa oriundo de incorporação de coligada (Nota 1),0.0
2022-06-30,T2,6.02.03,Aquisição de imobilizado,-309172.0
2022-06-30,T2,6.02.04,Aquisição de intangível,-22.0
2022-06-30,T2,6.02.05,Aplicação Financeira,386294.0
2022-06-30,T2,6.02.06,Investimento em Coligada,-46.0
2022-06-30,T2,6.03,Caixa Líquido Atividades de Financiamento,567915.0
2022-06-30,T2,6.03.01,Empréstimos e financiamentos captados,923605.0
2022-06-30,T2,6.03.02,Pagamentos de empréstimos e financiamentos,-352116.0
2022-06-30,T2,6.03.03,Pagamento de dividendos,-7594.0
2022-06-30,T2,6.03.04,Pagamento de arrendamento,-3570.0
2022-06-30,T2,6.03.05,Custo com emissão de ações,-298.0
2022-06-30,T2,6.03.06,Integralização de capital,7888.0
2022-06-30,T2,6.03.07,Ações em tesouraria,0.0
2022-06-30,T2,6.04,Variação Cambial s/ Caixa e Equivalentes,0.0
2022-06-30,T2,6.05,Aumento (Redução) de Caixa e Equivalentes,149401.0
2022-06-30,T2,6.05.01,Saldo Inicial de Caixa e Equivalentes,351590.0
2022-06-30,T2,6.05.02,Saldo Final de Caixa e Equivalentes,500991.0
2022-09-30,T3,6.01,Caixa Líquido Atividades Operacionais,327320.0
2022-09-30,T3,6.01.01,Caixa Gerado nas Operações,323696.0
2022-09-30,T3,6.01.01.01,Lucro do período antes dos impostos,314051.0
2022-09-30,T3,6.01.01.02,Depreciação e amortização,23517.0
2022-09-30,T3,6.01.01.03,Depreciação de direito de uso,3397.0
2022-09-30,T3,6.01.01.04,"Juros, atualizações monetárias e variação cambial sobre empréstimos",58630.0
2022-09-30,T3,6.01.01.05,Ajuste a valor justo de instrumento derivativo swap,14045.0
2022-09-30,T3,6.01.01.06,Provisão para devedores duvidosos,449.0
2022-09-30,T3,6.01.01.07,Provisão para litígios,2329.0
2022-09-30,T3,6.01.01.08,Despesa com outorga de opções de ações,8843.0
2022-09-30,T3,6.01.01.09,Ajuste a valor presente de passivo de arrendamento,1025.0
2022-09-30,T3,6.01.01.10,Custo residual do ativo imobilizado baixado,596.0
2022-09-30,T3,6.01.01.11,Ajuste a valor justo de commodities,2157.0
2022-09-30,T3,6.01.01.12,Rendimento de aplicações financeiras,-68524.0
2022-09-30,T3,6.01.01.13,Crédito tributário registrado,-36819.0
2022-09-30,T3,6.01.02,Variações nos Ativos e Passivos,24801.0
2022-09-30,T3,6.01.02.01,Contas a receber de clientes,394594.0
2022-09-30,T3,6.01.02.02,Instrumentos financeiros,-12804.0
2022-09-30,T3,6.01.02.03,Estoques,-841890.0
2022-09-30,T3,6.01.02.04,Impostos a recuperar,-89734.0
2022-09-30,T3,6.01.02.05,Adiantamentos,-402.0
2022-09-30,T3,6.01.02.06,Despesas antecipadas,5823.0
2022-09-30,T3,6.01.02.07,Partes relacionadas,-1216.0
2022-09-30,T3,6.01.02.08,Depósitos judiciais,26.0
2022-09-30,T3,6.01.02.09,Outros ativos,-14868.0
2022-09-30,T3,6.01.02.10,Fornecedores,511547.0
2022-09-30,T3,6.01.02.11,Impostos a recolher,26863.0
2022-09-30,T3,6.01.02.12,"Salários, provisões e encargos sociais",4980.0
2022-09-30,T3,6.01.02.13,Parcelamentos tributários,-807.0
2022-09-30,T3,6.01.02.14,Adiantamento de clientes,4033.0
2022-09-30,T3,6.01.02.15,Instrumentos financeiros,414.0
2022-09-30,T3,6.01.02.16,Outros passivos,38242.0
2022-09-30,T3,6.01.03,Outros,-21177.0
2022-09-30,T3,6.01.03.01,Imposto de renda e contribuição socil pagos,-21177.0
2022-09-30,T3,6.02,Caixa Líquido Atividades de Investimento,-86134.0
2022-09-30,T3,6.02.01,Aplicação financeira,449651.0
2022-09-30,T3,6.02.02,Aquisição de imobilizado,-535718.0
2022-09-30,T3,6.02.03,Aquisição de intangível,-67.0
2022-09-30,T3,6.02.04,"Aquisição de controlada, líquido do caixa adquirido no consolidado",0.0
2022-09-30,T3,6.02.06,Investimento em Controlada,0.0
2022-09-30,T3,6.03,Caixa Líquido Atividades de Financiamento,279625.0
2022-09-30,T3,6.03.01,"Aumento de capital, através de IPO",0.0
2022-09-30,T3,6.03.02,(-) Custos com a emissão de ações,-298.0
2022-09-30,T3,6.03.03,Empréstimos e financiamentos captados,923605.0
2022-09-30,T3,6.03.04,Pagamentos de empréstimos e financiamentos,-640141.0
2022-09-30,T3,6.03.05,Pagamento de dividendos,-7595.0
2022-09-30,T3,6.03.06,Pagamento de arrendamentos,-4582.0
2022-09-30,T3,6.03.07,Integralização de capital,8636.0
2022-09-30,T3,6.03.08,Ações em tesouraria,0.0
2022-09-30,T3,6.04,Variação Cambial s/ Caixa e Equivalentes,0.0
2022-09-30,T3,6.05,Aumento (Redução) de Caixa e Equivalentes,520811.0
2022-09-30,T3,6.05.01,Saldo Inicial de Caixa e Equivalentes,351590.0
2022-09-30,T3,6.05.02,Saldo Final de Caixa e Equivalentes,872401.0
2023-03-31,T1,6.01,Caixa Líquido Atividades Operacionais,200139.0
2023-03-31,T1,6.01.01,Caixa Gerado nas Operações,79936.0
2023-03-31,T1,6.01.01.01,Caixa Gerado nas Operações,0.0
2023-03-31,T1,6.01.01.02,Lucro do exercício antes dos impostos,94207.0
2023-03-31,T1,6.01.01.03,Depreciação e amortização,10521.0
2023-03-31,T1,6.01.01.04,Amortização direito de uso,1302.0
2023-03-31,T1,6.01.01.05,"Juros, atualizações monetárias e variação cambial sobre empréstimos",8830.0
2023-03-31,T1,6.01.01.06,Provisão para devedores duvidosos,202.0
2023-03-31,T1,6.01.01.07,Provisão para litígios,68.0
2023-03-31,T1,6.01.01.08,Ajuste a valor presente de passivo de arrendamento,488.0
2023-03-31,T1,6.01.01.09,Custo residual do ativo imobilizado baixado,79.0
2023-03-31,T1,6.01.01.10,Ajuste a Valor Justo,-14755.0
2023-03-31,T1,6.01.01.11,Despesa com opções outorgadas,1985.0
2023-03-31,T1,6.01.01.12,Variação cambial sobre empréstimos,0.0
2023-03-31,T1,6.01.01.13,Rendimento de aplicação financeira,-20392.0
2023-03-31,T1,6.01.01.14,Ajuste a valor justo de derivativo financeiro,-2599.0
2023-03-31,T1,6.01.02,Variações nos Ativos e Passivos,120203.0
2023-03-31,T1,6.01.02.01,Contas a receber de clientes,12045.0
2023-03-31,T1,6.01.02.02,Instrumentos financeiros,2889.0
2023-03-31,T1,6.01.02.03,Estoques,-65029.0
2023-03-31,T1,6.01.02.04,Impostos a recuperar,-17146.0
2023-03-31,T1,6.01.02.05,Outros ativos,-10902.0
2023-03-31,T1,6.01.02.06,Fornecedores,199247.0
2023-03-31,T1,6.01.02.07,Impostos a recolher,954.0
2023-03-31,T1,6.01.02.08,"Salários, provisões e encargos sociais",-6955.0
2023-03-31,T1,6.01.02.09,Parcelamentos,-292.0
2023-03-31,T1,6.01.02.10,Adiantamento de clientes,14527.0
2023-03-31,T1,6.01.02.11,Instrumentos financeiros,-2381.0
2023-03-31,T1,6.01.02.12,Outros passivos,-6754.0
2023-03-31,T1,6.01.02.13,Adiantamentos de clientes,0.0
2023-03-31,T1,6.01.02.14,Despesas antecipadas,0.0
2023-03-31,T1,6.01.02.15,Contas a receber partes relacionadas,0.0
2023-03-31,T1,6.01.02.16,Depósitos judiciais,0.0
2023-03-31,T1,6.01.03,Outros,0.0
2023-03-31,T1,6.01.03.01,Imposto de renda e contribuição social pagos,0.0
2023-03-31,T1,6.02,Caixa Líquido Atividades de Investimento,-115603.0
2023-03-31,T1,6.02.01,Caixa Líquido Atividades de Investimento,0.0
2023-03-31,T1,6.02.02,Caixa oriundo de incorporação de coligada (Nota 1),0.0
2023-03-31,T1,6.02.03,Aquisição de imobilizado,-126794.0
2023-03-31,T1,6.02.04,Aquisição de intangível,-4055.0
2023-03-31,T1,6.02.06,Aplicação Financeira,15246.0
2023-03-31,T1,6.02.08,"Aquisição de controlada, líquido do caixa adquirido no consolidado",0.0
2023-03-31,T1,6.03,Caixa Líquido Atividades de Financiamento,123069.0
2023-03-31,T1,6.03.01,Empréstimos e financiamentos captados,502645.0
2023-03-31,T1,6.03.02,Pagamentos de empréstimos e financiamentos e juros,-326110.0
2023-03-31,T1,6.03.03,Pagamento de dividendos,-57238.0
2023-03-31,T1,6.03.04,Pagamento de arrendamento,-1190.0
2023-03-31,T1,6.03.05,Custo com emissão de ações,0.0
2023-03-31,T1,6.03.06,Integralização de Capital,4962.0
2023-03-31,T1,6.03.08,Pagamentos de juros sobre empréstimos e financiamentos,0.0
2023-03-31,T1,6.03.09,Ações em tesouraria,0.0
2023-03-31,T1,6.04,Variação Cambial s/ Caixa e Equivalentes,0.0
2023-03-31,T1,6.05,Aumento (Redução) de Caixa e Equivalentes,207605.0
2023-03-31,T1,6.05.01,Saldo Inicial de Caixa e Equivalentes,724314.0
2023-03-31,T1,6.05.02,Saldo Final de Caixa e Equivalentes,931919.0
2023-06-30,T2,6.01,Caixa Líquido Atividades Operacionais,9487.0
2023-06-30,T2,6.01.01,Caixa Gerado nas Operações,133867.0
2023-06-30,T2,6.01.01.01,Caixa Gerado nas Operações,0.0
2023-06-30,T2,6.01.01.02,Lucro do exercício antes dos impostos,152177.0
2023-06-30,T2,6.01.01.03,Depreciação e amortização,21657.0
2023-06-30,T2,6.01.01.04,Depreciação de direito de uso,2832.0
2023-06-30,T2,6.01.01.05,"Juros, atualizações monetárias e variação cambial sobre empréstimos",30768.0
2023-06-30,T2,6.01.01.06,Ajuste a valor justo de instrumento derivativo swap,-26204.0
2023-06-30,T2,6.01.01.07,Provisão para devedores duvidosos,5368.0
2023-06-30,T2,6.01.01.08,Provisão para litígios,3893.0
2023-06-30,T2,6.01.01.09,Despesa com plano de opções,4230.0
2023-06-30,T2,6.01.01.10,Custo residual do ativo imobilizado baixado,418.0
2023-06-30,T2,6.01.01.11,Ajuste a valor justo de commodities,-24409.0
2023-06-30,T2,6.01.01.12,Rendimento de aplicações financeiras,-37806.0
2023-06-30,T2,6.01.01.13,Ajuste a valor presente de ativo de arrendamento,943.0
2023-06-30,T2,6.01.01.14,Equivalência patrimonial,0.0
2023-06-30,T2,6.01.02,Variações nos Ativos e Passivos,-122552.0
2023-06-30,T2,6.01.02.01,Contas a receber de clientes,493464.0
2023-06-30,T2,6.01.02.02,Instrumentos financeiros,2708.0
2023-06-30,T2,6.01.02.03,Estoques,-139524.0
2023-06-30,T2,6.01.02.04,Impostos a recuperar,-9477.0
2023-06-30,T2,6.01.02.05,Adiantamentos,648.0
2023-06-30,T2,6.01.02.06,Despesas antecipadas,-7625.0
2023-06-30,T2,6.01.02.07,Partes Relacionadas,-592.0
2023-06-30,T2,6.01.02.08,Depósitos judiciais,21.0
2023-06-30,T2,6.01.02.09,Outros ativos,-5327.0
2023-06-30,T2,6.01.02.10,Fornecedores,-494013.0
2023-06-30,T2,6.01.02.11,Impostos a recolher,-4775.0
2023-06-30,T2,6.01.02.12,"Salários, provisões e encargos sociais",-1550.0
2023-06-30,T2,6.01.02.13,Parcelamentos tributários,-595.0
2023-06-30,T2,6.01.02.14,Adiantamentos de clientes,46902.0
2023-06-30,T2,6.01.02.15,Instrumentos financeiros,6412.0
2023-06-30,T2,6.01.02.16,Outros passivos,-9229.0
2023-06-30,T2,6.01.03,Outros,-1828.0
2023-06-30,T2,6.01.03.01,Imposto de renda e contribuição socil pagos,-1828.0
2023-06-30,T2,6.02,Caixa Líquido Atividades de Investimento,-247690.0
2023-06-30,T2,6.02.01,Caixa Líquido Atividades de Investimento,0.0
2023-06-30,T2,6.02.02,Caixa oriundo de incorporação de coligada (Nota 1),0.0
2023-06-30,T2,6.02.03,Aquisição de imobilizado,-268872.0
2023-06-30,T2,6.02.04,Aquisição de intangível,-6568.0
2023-06-30,T2,6.02.05,Aplicação Financeira,27750.0
2023-06-30,T2,6.02.06,Investimento em Coligada,0.0
2023-06-30,T2,6.03,Caixa Líquido Atividades de Financiamento,160839.0
2023-06-30,T2,6.03.01,Empréstimos e financiamentos captados,723585.0
2023-06-30,T2,6.03.02,Pagamentos de empréstimos e financiamentos,-507641.0
2023-06-30,T2,6.03.03,Pagamento de dividendos,-57238.0
2023-06-30,T2,6.03.04,Pagamento de arrendamento,-2782.0
2023-06-30,T2,6.03.05,Custo com emissão de ações,0.0
2023-06-30,T2,6.03.06,Integralização de capital,5864.0
2023-06-30,T2,6.03.07,Ações em tesouraria,-949.0
2023-06-30,T2,6.03.08,Pagamentos de juros sobre empréstimos e financiamentos,0.0
2023-06-30,T2,6.04,Variação Cambial s/ Caixa e Equivalentes,0.0
2023-06-30,T2,6.05,Aumento (Redução) de Caixa e Equivalentes,-77364.0
2023-06-30,T2,6.05.01,Saldo Inicial de Caixa e Equivalentes,724314.0
2023-06-30,T2,6.05.02,Saldo Final de Caixa e Equivalentes,646950.0
2023-09-30,T3,6.01,Caixa Líquido Atividades Operacionais,651247.0
2023-09-30,T3,6.01.01,Caixa Gerado nas Operações,224512.0
2023-09-30,T3,6.01.01.01,Lucro do período antes dos impostos,267495.0
2023-09-30,T3,6.01.01.02,Depreciação e amortização,35795.0
2023-09-30,T3,6.01.01.03,Depreciação de direito de uso,4656.0
2023-09-30,T3,6.01.01.04,"Juros, atualizações monetárias e variação cambial sobre empréstimos",79389.0
2023-09-30,T3,6.01.01.05,Ajuste a valor justo de instrumento derivativo swap,-43102.0
2023-09-30,T3,6.01.01.06,Provisão para devedores duvidosos,6650.0
2023-09-30,T3,6.01.01.07,Provisão para litígios,5536.0
2023-09-30,T3,6.01.01.08,Despesa com outorga de opções de ações,6788.0
2023-09-30,T3,6.01.01.09,Ajuste a valor presente de passivo de arrendamento,1271.0
2023-09-30,T3,6.01.01.10,Custo residual do ativo imobilizado baixado,556.0
2023-09-30,T3,6.01.01.11,Ajuste a valor justo de commodities,-85750.0
2023-09-30,T3,6.01.01.12,Rendimento de aplicações financeiras,-54772.0
2023-09-30,T3,6.01.01.13,Crédito tributário registrado,0.0
2023-09-30,T3,6.01.01.14,Equivalência Patrimonial,0.0
2023-09-30,T3,6.01.02,Variações nos Ativos e Passivos,429909.0
2023-09-30,T3,6.01.02.01,Contas a receber de clientes,498694.0
2023-09-30,T3,6.01.02.02,Instrumentos financeiros,6277.0
2023-09-30,T3,6.01.02.03,Estoques,2949.0
2023-09-30,T3,6.01.02.04,Impostos a recuperar,-58659.0
2023-09-30,T3,6.01.02.05,Adiantamentos,8879.0
2023-09-30,T3,6.01.02.06,Despesas antecipadas,-4177.0
2023-09-30,T3,6.01.02.07,Partes relacionadas,-638.0
2023-09-30,T3,6.01.02.08,Depósitos judiciais,3.0
2023-09-30,T3,6.01.02.09,Outros ativos,-3786.0
2023-09-30,T3,6.01.02.10,Fornecedores,-93220.0
2023-09-30,T3,6.01.02.11,Impostos a recolher,-9357.0
2023-09-30,T3,6.01.02.12,"Salários, provisões e encargos sociais",4312.0
2023-09-30,T3,6.01.02.13,Parcelamentos tributários,-908.0
2023-09-30,T3,6.01.02.14,Adiantamento de clientes,34485.0
2023-09-30,T3,6.01.02.15,Instrumentos financeiros,51242.0
2023-09-30,T3,6.01.02.16,Outros passivos,-6187.0
2023-09-30,T3,6.01.03,Outros,-3174.0
2023-09-30,T3,6.01.03.01,Imposto de renda e contribuição socil pagos,-3174.0
2023-09-30,T3,6.02,Caixa Líquido Atividades de Investimento,-406319.0
2023-09-30,T3,6.02.01,Aplicação financeira,-5089.0
2023-09-30,T3,6.02.02,Aquisição de imobilizado,-373236.0
2023-09-30,T3,6.02.03,Aquisição de intangível,-14970.0
2023-09-30,T3,6.02.04,"Aquisição de controlada, líquido do caixa adquirido no consolidado",-13024.0
2023-09-30,T3,6.02.05,Aplicação Financeira,0.0
2023-09-30,T3,6.02.06,Investimento em Controlada,0.0
2023-09-30,T3,6.02.07,Resgates de aplicações financeiras,-3691951.0
2023-09-30,T3,6.03,Caixa Líquido Atividades de Financiamento,-54807.0
2023-09-30,T3,6.03.01,"Aumento de capital, através de IPO",0.0
2023-09-30,T3,6.03.02,(-) Custos com a emissão de ações,0.0
2023-09-30,T3,6.03.03,Empréstimos e financiamentos captados,769223.0
2023-09-30,T3,6.03.04,Pagamentos de empréstimos e financiamentos,-766480.0
2023-09-30,T3,6.03.05,Pagamento de dividendos,-57238.0
2023-09-30,T3,6.03.06,Pagamento de arrendamentos,-6129.0
2023-09-30,T3,6.03.07,Integralização de capital,6766.0
2023-09-30,T3,6.03.08,Ações em tesouraria,-949.0
2023-09-30,T3,6.03.09,Pagamentos de juros sobre empréstimos e financiamentos,0.0
2023-09-30,T3,6.04,Variação Cambial s/ Caixa e Equivalentes,0.0
2023-09-30,T3,6.05,Aumento (Redução) de Caixa e Equivalentes,190121.0
2023-09-30,T3,6.05.01,Saldo Inicial de Caixa e Equivalentes,724314.0
2023-09-30,T3,6.05.02,Saldo Final de Caixa e Equivalentes,914435.0
2024-03-31,T1,6.01,Caixa Líquido Atividades Operacionais,-40392.0
2024-03-31,T1,6.01.01,Caixa Gerado nas Operações,187325.0
2024-03-31,T1,6.01.01.01,Caixa Gerado nas Operações,0.0
2024-03-31,T1,6.01.01.02,Lucro do exercício antes dos impostos,176840.0
2024-03-31,T1,6.01.01.03,Depreciação e amortização,21117.0
2024-03-31,T1,6.01.01.04,Amortização direito de uso,1750.0
2024-03-31,T1,6.01.01.05,"Juros, atualizações monetárias e variação cambial sobre empréstimos",41378.0
2024-03-31,T1,6.01.01.06,Provisão para devedores duvidosos,1172.0
2024-03-31,T1,6.01.01.07,Provisão para litígios,2173.0
2024-03-31,T1,6.01.01.08,Ajuste a valor presente de passivo de arrendamento,474.0
2024-03-31,T1,6.01.01.09,Custo residual do ativo imobilizado baixado,181.0
2024-03-31,T1,6.01.01.10,Ajuste a Valor Justo,-70920.0
2024-03-31,T1,6.01.01.11,Despesa com opções outorgadas,1622.0
2024-03-31,T1,6.01.01.12,Variação cambial sobre empréstimos,0.0
2024-03-31,T1,6.01.01.13,Rendimento de aplicação financeira,-19403.0
2024-03-31,T1,6.01.01.14,Ajuste a valor justo de derivativo financeiro,30941.0
2024-03-31,T1,6.01.01.15,Equivalência Patrimonial,0.0
2024-03-31,T1,6.01.02,Variações nos Ativos e Passivos,-226656.0
2024-03-31,T1,6.01.02.01,Contas a receber de clientes,-327182.0
2024-03-31,T1,6.01.02.02,Instrumentos financeiros,4824.0
2024-03-31,T1,6.01.02.03,Estoques,8540.0
2024-03-31,T1,6.01.02.04,Impostos a recuperar,-16827.0
2024-03-31,T1,6.01.02.05,Outros ativos,-9147.0
2024-03-31,T1,6.01.02.06,Fornecedores,74310.0
2024-03-31,T1,6.01.02.07,Impostos a recolher,3526.0
2024-03-31,T1,6.01.02.08,"Salários, provisões e encargos sociais",-10405.0
2024-03-31,T1,6.01.02.09,Parcelamentos,-343.0
2024-03-31,T1,6.01.02.10,Adiantamento de clientes,51766.0
2024-03-31,T1,6.01.02.11,Instrumentos financeiros,-8972.0
2024-03-31,T1,6.01.02.12,Outros passivos,5278.0
2024-03-31,T1,6.01.02.13,Adiantamentos de clientes,0.0
2024-03-31,T1,6.01.02.14,Despesas antecipadas,-1970.0
2024-03-31,T1,6.01.02.15,Contas a receber partes relacionadas,-37.0
2024-03-31,T1,6.01.02.16,Depósitos judiciais,-17.0
2024-03-31,T1,6.01.03,Outros,-1061.0
2024-03-31,T1,6.01.03.01,Imposto de renda e contribuição social pagos,-1061.0
2024-03-31,T1,6.01.03.02,Imposto de Renda e Contribuição Social a Recuperar,0.0
2024-03-31,T1,6.01.03.03,Imposto de Renda e Contribuição Social a recolher,0.0
2024-03-31,T1,6.02,Caixa Líquido Atividades de Investimento,-73205.0
2024-03-31,T1,6.02.01,Caixa Líquido Atividades de Investimento,0.0
2024-03-31,T1,6.02.02,Caixa oriundo de incorporação de coligada (Nota 1),0.0
2024-03-31,T1,6.02.03,Aquisição de imobilizado,-131217.0
2024-03-31,T1,6.02.04,Aquisição de intangível,-12362.0
2024-03-31,T1,6.02.05,Adição de Ativo Biológico,0.0
2024-03-31,T1,6.02.06,Aplicação Financeira,70374.0
2024-03-31,T1,6.02.07,Resgate de Aplicações Financeiras,0.0
2024-03-31,T1,6.02.08,"Aquisição de controlada, líquido do caixa adquirido no consolidado",0.0
2024-03-31,T1,6.02.09,Alteração de Participação em Controlada,0.0
2024-03-31,T1,6.03,Caixa Líquido Atividades de Financiamento,20352.0
2024-03-31,T1,6.03.01,Empréstimos e financiamentos captados,459899.0
2024-03-31,T1,6.03.02,Pagamentos de empréstimos e financiamentos e juros,-327217.0
2024-03-31,T1,6.03.03,Pagamento de dividendos,-58410.0
2024-03-31,T1,6.03.04,Pagamento de arrendamento,-1642.0
2024-03-31,T1,6.03.05,Custo com emissão de ações,0.0
2024-03-31,T1,6.03.06,Integralização de Capital,1353.0
2024-03-31,T1,6.03.08,Pagamentos de juros sobre empréstimos e financiamentos,-39573.0
2024-03-31,T1,6.03.09,Ações em tesouraria,-14058.0
2024-03-31,T1,6.04,Variação Cambial s/ Caixa e Equivalentes,0.0
2024-03-31,T1,6.05,Aumento (Redução) de Caixa e Equivalentes,-93245.0
2024-03-31,T1,6.05.01,Saldo Inicial de Caixa e Equivalentes,1028483.0
2024-03-31,T1,6.05.02,Saldo Final de Caixa e Equivalentes,935238.0
2024-06-30,T2,6.01,Caixa Líquido Atividades Operacionais,124723.0
2024-06-30,T2,6.01.01,Caixa Gerado nas Operações,337011.0
2024-06-30,T2,6.01.01.01,Caixa Gerado nas Operações,0.0
2024-06-30,T2,6.01.01.02,Lucro do exercício antes dos impostos,393349.0
2024-06-30,T2,6.01.01.03,Depreciação e amortização,42253.0
2024-06-30,T2,6.01.01.04,Depreciação de direito de uso,2532.0
2024-06-30,T2,6.01.01.05,"Juros, atualizações monetárias e variação cambial sobre empréstimos",113468.0
2024-06-30,T2,6.01.01.06,Ajuste a valor justo de instrumentos derivativos,193144.0
2024-06-30,T2,6.01.01.07,Provisão para devedores duvidosos,12812.0
2024-06-30,T2,6.01.01.08,Provisão para litígios,2871.0
2024-06-30,T2,6.01.01.09,Despesa com plano de opções,3027.0
2024-06-30,T2,6.01.01.10,Custo residual do ativo imobilizado baixado,287.0
2024-06-30,T2,6.01.01.11,Ajuste a valor justo de commodities,-388046.0
2024-06-30,T2,6.01.01.12,Rendimento de aplicações financeiras,-39287.0
2024-06-30,T2,6.01.01.13,Ajuste a valor presente de ativo de arrendamento,533.0
2024-06-30,T2,6.01.01.14,Equivalência patrimonial,68.0
2024-06-30,T2,6.01.01.15,Crédito tributário,0.0
2024-06-30,T2,6.01.02,Variações nos Ativos e Passivos,-200531.0
2024-06-30,T2,6.01.02.01,Contas a receber de clientes,514768.0
2024-06-30,T2,6.01.02.02,Instrumentos financeiros,0.0
2024-06-30,T2,6.01.02.03,Estoques,-464542.0
2024-06-30,T2,6.01.02.04,Impostos a recuperar,-15525.0
2024-06-30,T2,6.01.02.05,Adiantamentos,99.0
2024-06-30,T2,6.01.02.06,Despesas antecipadas,4078.0
2024-06-30,T2,6.01.02.07,Partes Relacionadas,-172.0
2024-06-30,T2,6.01.02.08,Depósitos judiciais,-64.0
2024-06-30,T2,6.01.02.09,Outros ativos,-783.0
2024-06-30,T2,6.01.02.10,Fornecedores,-301775.0
2024-06-30,T2,6.01.02.11,Impostos a recolher,2518.0
2024-06-30,T2,6.01.02.12,"Salários, provisões e encargos sociais",-728.0
2024-06-30,T2,6.01.02.13,Parcelamentos tributários,-697.0
2024-06-30,T2,6.01.02.14,Adiantamentos de clientes,61590.0
2024-06-30,T2,6.01.02.15,Instrumentos financeiros,0.0
2024-06-30,T2,6.01.02.16,Outros passivos,702.0
2024-06-30,T2,6.01.02.17,Imposto de Renda e Contribuição Social a pagar,0.0
2024-06-30,T2,6.01.03,Outros,-11757.0
2024-06-30,T2,6.01.03.01,Imposto de renda e contribuição socil pagos,-11757.0
2024-06-30,T2,6.02,Caixa Líquido Atividades de Investimento,-222993.0
2024-06-30,T2,6.02.01,Caixa Líquido Atividades de Investimento,0.0
2024-06-30,T2,6.02.02,Caixa oriundo de incorporação de coligada (Nota 1),0.0
2024-06-30,T2,6.02.03,Aquisição de imobilizado,-247203.0
2024-06-30,T2,6.02.04,Aquisição de intangível,-22129.0
2024-06-30,T2,6.02.05,Aplicação Financeira,51589.0
2024-06-30,T2,6.02.06,Investimento em Coligada,-5250.0
2024-06-30,T2,6.02.07,Aplicações Financeiras,0.0
2024-06-30,T2,6.02.08,Adição de Ativo Biológico,0.0
2024-06-30,T2,6.02.09,Alteração de participação em Controlada,0.0
2024-06-30,T2,6.03,Caixa Líquido Atividades de Financiamento,518492.0
2024-06-30,T2,6.03.01,Empréstimos e financiamentos captados,1183541.0
2024-06-30,T2,6.03.02,Pagamentos de empréstimos e financiamentos,-542539.0
2024-06-30,T2,6.03.03,Pagamento de dividendos,-58410.0
2024-06-30,T2,6.03.04,Pagamento de arrendamento,-2068.0
2024-06-30,T2,6.03.05,Custo com emissão de ações,0.0
2024-06-30,T2,6.03.06,Integralização de capital,3157.0
2024-06-30,T2,6.03.07,Ações em tesouraria,-6052.0
2024-06-30,T2,6.03.08,Pagamentos de juros sobre empréstimos e financiamentos,-59137.0
2024-06-30,T2,6.03.09,Recebimento de adiantamento para futuro aumento de capital,0.0
2024-06-30,T2,6.03.10,Alteração de Participação em Controlada,0.0
2024-06-30,T2,6.04,Variação Cambial s/ Caixa e Equivalentes,0.0
2024-06-30,T2,6.05,Aumento (Redução) de Caixa e Equivalentes,420222.0
2024-06-30,T2,6.05.01,Saldo Inicial de Caixa e Equivalentes,1028483.0
2024-06-30,T2,6.05.02,Saldo Final de Caixa e Equivalentes,1448705.0
2024-09-30,T3,6.01,Caixa Líquido Atividades Operacionais,225339.0
2024-09-30,T3,6.01.01,Caixa Gerado nas Operações,659377.0
2024-09-30,T3,6.01.01.01,Lucro do período antes dos impostos,847902.0
2024-09-30,T3,6.01.01.02,Depreciação e amortização,65654.0
2024-09-30,T3,6.01.01.03,Depreciação de direito de uso,3326.0
2024-09-30,T3,6.01.01.04,"Juros, atualizações monetárias e variação cambial sobre empréstimos",157984.0
2024-09-30,T3,6.01.01.05,Ajuste a valor justo de instrumento derivativo swap,31849.0
2024-09-30,T3,6.01.01.06,Provisão para devedores duvidosos,19752.0
2024-09-30,T3,6.01.01.07,Provisão para litígios,3443.0
2024-09-30,T3,6.01.01.08,Despesa com outorga de opções de ações,4377.0
2024-09-30,T3,6.01.01.09,Ajuste a valor presente de passivo de arrendamento,888.0
2024-09-30,T3,6.01.01.10,Custo residual do ativo imobilizado baixado,1050.0
2024-09-30,T3,6.01.01.11,Ajuste a valor justo de commodities,-411414.0
2024-09-30,T3,6.01.01.12,Rendimento de aplicações financeiras,-65579.0
2024-09-30,T3,6.01.01.13,Crédito tributário registrado,0.0
2024-09-30,T3,6.01.01.14,Equivalência Patrimonial,145.0
2024-09-30,T3,6.01.02,Variações nos Ativos e Passivos,-406840.0
2024-09-30,T3,6.01.02.01,Contas a receber de clientes,448209.0
2024-09-30,T3,6.01.02.02,Instrumentos financeiros,0.0
2024-09-30,T3,6.01.02.03,Estoques,-745945.0
2024-09-30,T3,6.01.02.04,Impostos a recuperar,-32965.0
2024-09-30,T3,6.01.02.05,Adiantamentos,434.0
2024-09-30,T3,6.01.02.06,Despesas antecipadas,-6303.0
2024-09-30,T3,6.01.02.07,Partes relacionadas,-250.0
2024-09-30,T3,6.01.02.08,Depósitos judiciais,-64.0
2024-09-30,T3,6.01.02.09,Outros ativos,-8352.0
2024-09-30,T3,6.01.02.10,Fornecedores,-186932.0
2024-09-30,T3,6.01.02.11,Impostos a recolher,13036.0
2024-09-30,T3,6.01.02.12,"Salários, provisões e encargos sociais",5328.0
2024-09-30,T3,6.01.02.13,Parcelamentos tributários,-1288.0
2024-09-30,T3,6.01.02.14,Adiantamento de clientes,39590.0
2024-09-30,T3,6.01.02.15,Instrumentos financeiros,0.0
2024-09-30,T3,6.01.02.16,Outros passivos,68662.0
2024-09-30,T3,6.01.02.17,Imposto de renda e Contribuição Social a Recuperar,0.0
2024-09-30,T3,6.01.03,Outros,-27198.0
2024-09-30,T3,6.01.03.01,Imposto de renda e contribuição socil pagos,-27198.0
2024-09-30,T3,6.02,Caixa Líquido Atividades de Investimento,-94753.0
2024-09-30,T3,6.02.01,Aplicação financeira,8357590.0
2024-09-30,T3,6.02.02,Aquisição de imobilizado,-311749.0
2024-09-30,T3,6.02.03,Aquisição de intangível,-29991.0
2024-09-30,T3,6.02.04,"Aquisição de controlada, líquido do caixa adquirido no consolidado",0.0
2024-09-30,T3,6.02.05,Aplicação Financeira,0.0
2024-09-30,T3,6.02.06,Investimento em Coligada,-5250.0
2024-09-30,T3,6.02.07,Resgates de aplicações financeiras,-8105353.0
2024-09-30,T3,6.02.08,Adição de Ativo Biológico,0.0
2024-09-30,T3,6.02.09,Alteração de Participação em Controlada,0.0
2024-09-30,T3,6.03,Caixa Líquido Atividades de Financiamento,476055.0
2024-09-30,T3,6.03.01,"Aumento de capital, através de IPO",0.0
2024-09-30,T3,6.03.02,(-) Custos com a emissão de ações,0.0
2024-09-30,T3,6.03.03,Empréstimos e financiamentos captados,1246606.0
2024-09-30,T3,6.03.04,Pagamentos de empréstimos e financiamentos,-618319.0
2024-09-30,T3,6.03.05,Pagamento de dividendos,-58410.0
2024-09-30,T3,6.03.06,Pagamento de arrendamentos,-2934.0
2024-09-30,T3,6.03.07,Integralização de capital,4059.0
2024-09-30,T3,6.03.08,Ações em tesouraria,308.0
2024-09-30,T3,6.03.09,Pagamentos de juros sobre empréstimos e financiamentos,-95255.0
2024-09-30,T3,6.03.10,Recebimento de adiantamento para futuro aumento de capital,0.0
2024-09-30,T3,6.04,Variação Cambial s/ Caixa e Equivalentes,0.0
2024-09-30,T3,6.05,Aumento (Redução) de Caixa e Equivalentes,606641.0
2024-09-30,T3,6.05.01,Saldo Inicial de Caixa e Equivalentes,1028483.0
2024-09-30,T3,6.05.02,Saldo Final de Caixa e Equivalentes,1635124.0
2025-03-31,T1,6.01,Caixa Líquido Atividades Operacionais,125762.0
2025-03-31,T1,6.01.01,Caixa Gerado nas Operações,192604.0
2025-03-31,T1,6.01.01.01,Caixa Gerado nas Operações,0.0
2025-03-31,T1,6.01.01.02,Lucro do exercício antes dos impostos,248522.0
2025-03-31,T1,6.01.01.03,Depreciação e amortização,25920.0
2025-03-31,T1,6.01.01.04,Amortização direito de uso em arrendamento,1864.0
2025-03-31,T1,6.01.01.05,"Juros, atualizações monetárias e variação cambial sobre empréstimos",36532.0
2025-03-31,T1,6.01.01.06,Provisão para devedores duvidosos,4339.0
2025-03-31,T1,6.01.01.07,Provisão para litígios,-1382.0
2025-03-31,T1,6.01.01.08,Ajuste a valor presente de passivo de arrendamento,568.0
2025-03-31,T1,6.01.01.09,Custo residual do ativo imobilizado baixado,2538.0
2025-03-31,T1,6.01.01.10,Ajuste a Valor Justo de commodities,124149.0
2025-03-31,T1,6.01.01.11,Despesa com opções outorgadas,970.0
2025-03-31,T1,6.01.01.12,Variação cambial sobre empréstimos,0.0
2025-03-31,T1,6.01.01.13,Rendimento de aplicação financeira,-1981.0
2025-03-31,T1,6.01.01.14,Ajuste a valor justo de derivativo financeiro,-249665.0
2025-03-31,T1,6.01.01.15,Equivalência Patrimonial,230.0
2025-03-31,T1,6.01.02,Variações nos Ativos e Passivos,22367.0
2025-03-31,T1,6.01.02.01,Contas a receber de clientes,-148039.0
2025-03-31,T1,6.01.02.02,Instrumentos financeiros,0.0
2025-03-31,T1,6.01.02.03,Estoques,-405898.0
2025-03-31,T1,6.01.02.04,Impostos a recuperar,31200.0
2025-03-31,T1,6.01.02.05,Outros ativos,-4314.0
2025-03-31,T1,6.01.02.06,Fornecedores,557319.0
2025-03-31,T1,6.01.02.07,Impostos a recolher,6278.0
2025-03-31,T1,6.01.02.08,"Salários, provisões e encargos sociais",-31137.0
2025-03-31,T1,6.01.02.09,Parcelamentos,-324.0
2025-03-31,T1,6.01.02.10,Adiantamento de clientes,36407.0
2025-03-31,T1,6.01.02.11,Instrumentos financeiros,0.0
2025-03-31,T1,6.01.02.12,Outros passivos,-20042.0
2025-03-31,T1,6.01.02.13,Adiantamentos,260.0
2025-03-31,T1,6.01.02.14,Despesas antecipadas,822.0
2025-03-31,T1,6.01.02.15,Contas a receber partes relacionadas,-194.0
2025-03-31,T1,6.01.02.16,Depósitos judiciais,29.0
2025-03-31,T1,6.01.03,Outros,-89209.0
2025-03-31,T1,6.01.03.01,Imposto de renda e contribuição social pagos,-85951.0
2025-03-31,T1,6.01.03.02,Imposto de Renda e Contribuição Social a Recuperar,-3228.0
2025-03-31,T1,6.01.03.03,Imposto de Renda e Contribuição Social a recolher,-30.0
2025-03-31,T1,6.02,Caixa Líquido Atividades de Investimento,-285693.0
2025-03-31,T1,6.02.01,Caixa Líquido Atividades de Investimento,0.0
2025-03-31,T1,6.02.02,Caixa oriundo de incorporação de coligada (Nota 1),0.0
2025-03-31,T1,6.02.03,Aquisição de imobilizado,-240642.0
2025-03-31,T1,6.02.04,Aquisição de intangível,-7528.0
2025-03-31,T1,6.02.05,Adição de Ativo Biológico,-474.0
2025-03-31,T1,6.02.06,Aplicação Financeira,-39020.0
2025-03-31,T1,6.02.07,Resgate de Aplicações Financeiras,1376.0
2025-03-31,T1,6.02.08,"Aquisição de controlada, líquido do caixa adquirido no consolidado",0.0
2025-03-31,T1,6.02.09,Alteração de Participação em Controlada,595.0
2025-03-31,T1,6.03,Caixa Líquido Atividades de Financiamento,2948.0
2025-03-31,T1,6.03.01,Empréstimos e financiamentos captados,239277.0
2025-03-31,T1,6.03.02,Pagamentos de empréstimos e financiamentos e juros,-99352.0
2025-03-31,T1,6.03.03,Pagamento de dividendos,-95053.0
2025-03-31,T1,6.03.04,Pagamento de arrendamento,-2672.0
2025-03-31,T1,6.03.05,Custo com emissão de ações,0.0
2025-03-31,T1,6.03.06,Integralização de Capital,1122.0
2025-03-31,T1,6.03.08,Pagamentos de juros sobre empréstimos e financiamentos,-37222.0
2025-03-31,T1,6.03.09,Ações em tesouraria,-3152.0
2025-03-31,T1,6.04,Variação Cambial s/ Caixa e Equivalentes,0.0
2025-03-31,T1,6.05,Aumento (Redução) de Caixa e Equivalentes,-156983.0
2025-03-31,T1,6.05.01,Saldo Inicial de Caixa e Equivalentes,1696858.0
2025-03-31,T1,6.05.02,Saldo Final de Caixa e Equivalentes,1539875.0
2025-06-30,T2,6.01,Caixa Líquido Atividades Operacionais,-854038.0
2025-06-30,T2,6.01.01,Caixa Gerado nas Operações,346967.0
2025-06-30,T2,6.01.01.01,Caixa Gerado nas Operações,0.0
2025-06-30,T2,6.01.01.02,Lucro do exercício antes dos impostos,699670.0
2025-06-30,T2,6.01.01.03,Depreciação e amortização,53184.0
2025-06-30,T2,6.01.01.04,Depreciação de direito de uso,3836.0
2025-06-30,T2,6.01.01.05,"Juros, atualizações monetárias e variação cambial sobre empréstimos",112656.0
2025-06-30,T2,6.01.01.06,Ajuste a valor justo de instrumentos derivativos,-444786.0
2025-06-30,T2,6.01.01.07,Provisão para devedores duvidosos,12401.0
2025-06-30,T2,6.01.01.08,Provisão para litígios,-2183.0
2025-06-30,T2,6.01.01.09,Despesa com plano de opções,1998.0
2025-06-30,T2,6.01.01.10,Custo residual do ativo imobilizado baixado,2710.0
2025-06-30,T2,6.01.01.11,Ajuste a valor justo de commodities,-23617.0
2025-06-30,T2,6.01.01.12,Rendimento de aplicações financeiras,-4241.0
2025-06-30,T2,6.01.01.13,Ajuste a valor presente de ativo de arrendamento,789.0
2025-06-30,T2,6.01.01.14,Equivalência patrimonial,187.0
2025-06-30,T2,6.01.01.15,Crédito tributário,-65637.0
2025-06-30,T2,6.01.02,Variações nos Ativos e Passivos,-1113360.0
2025-06-30,T2,6.01.02.01,Contas a receber de clientes,126981.0
2025-06-30,T2,6.01.02.02,Instrumentos financeiros,0.0
2025-06-30,T2,6.01.02.03,Estoques,-1384096.0
2025-06-30,T2,6.01.02.04,Impostos a recuperar,-52149.0
2025-06-30,T2,6.01.02.05,Adiantamentos,1835.0
2025-06-30,T2,6.01.02.06,Despesas antecipadas,-7968.0
2025-06-30,T2,6.01.02.07,Partes Relacionadas,-320.0
2025-06-30,T2,6.01.02.08,Depósitos judiciais,33.0
2025-06-30,T2,6.01.02.09,Outros ativos,-10518.0
2025-06-30,T2,6.01.02.10,Fornecedores,-38160.0
2025-06-30,T2,6.01.02.11,Impostos a recolher,-11971.0
2025-06-30,T2,6.01.02.12,"Salários, provisões e encargos sociais",-21531.0
2025-06-30,T2,6.01.02.13,Parcelamentos tributários,-656.0
2025-06-30,T2,6.01.02.14,Adiantamentos de clientes,219838.0
2025-06-30,T2,6.01.02.15,Instrumentos financeiros,0.0
2025-06-30,T2,6.01.02.16,Outros passivos,-12460.0
2025-06-30,T2,6.01.02.17,Imposto de Renda e Contribuição Social a pagar,77782.0
2025-06-30,T2,6.01.03,Outros,-87645.0
2025-06-30,T2,6.01.03.01,Imposto de renda e contribuição socil pagos,-87645.0
2025-06-30,T2,6.02,Caixa Líquido Atividades de Investimento,-937173.0
2025-06-30,T2,6.02.01,Caixa Líquido Atividades de Investimento,0.0
2025-06-30,T2,6.02.02,Caixa oriundo de incorporação de coligada (Nota 1),0.0
2025-06-30,T2,6.02.03,Aquisição de imobilizado,-831261.0
2025-06-30,T2,6.02.04,Aquisição de intangível,-11663.0
2025-06-30,T2,6.02.05,Resgates de Aplicações Financeiras,1376.0
2025-06-30,T2,6.02.06,Investimento em Coligada,-13600.0
2025-06-30,T2,6.02.07,Aplicações Financeiras,-81730.0
2025-06-30,T2,6.02.08,Adição de Ativo Biológico,-890.0
2025-06-30,T2,6.02.09,Alteração de participação em Controlada,595.0
2025-06-30,T2,6.03,Caixa Líquido Atividades de Financiamento,1781162.0
2025-06-30,T2,6.03.01,Empréstimos e financiamentos captados,2551828.0
2025-06-30,T2,6.03.02,Pagamentos de empréstimos e financiamentos,-557441.0
2025-06-30,T2,6.03.03,Pagamento de dividendos,-95059.0
2025-06-30,T2,6.03.04,Pagamento de arrendamento,-6214.0
2025-06-30,T2,6.03.05,Custo com emissão de ações,0.0
2025-06-30,T2,6.03.06,Integralização de capital,3809.0
2025-06-30,T2,6.03.07,Ações em tesouraria,-1999.0
2025-06-30,T2,6.03.08,Pagamentos de juros sobre empréstimos e financiamentos,-114499.0
2025-06-30,T2,6.03.09,Recebimento de adiantamento para futuro aumento de capital,737.0
2025-06-30,T2,6.03.10,Alteração de Participação em Controlada,0.0
2025-06-30,T2,6.04,Variação Cambial s/ Caixa e Equivalentes,0.0
2025-06-30,T2,6.05,Aumento (Redução) de Caixa e Equivalentes,-10049.0
2025-06-30,T2,6.05.01,Saldo Inicial de Caixa e Equivalentes,1696858.0
2025-06-30,T2,6.05.02,Saldo Final de Caixa e Equivalentes,1686809.0
2025-09-30,T3,6.01,Caixa Líquido Atividades Operacionais,-5867.0
2025-09-30,T3,6.01.01,Caixa Gerado nas Operações,800816.0
2025-09-30,T3,6.01.01.01,Lucro do período antes dos impostos,952624.0
2025-09-30,T3,6.01.01.02,Depreciação e amortização,81641.0
2025-09-30,T3,6.01.01.03,Depreciação de direito de uso,5629.0
2025-09-30,T3,6.01.01.04,"Juros, atualizações monetárias e variação cambial sobre empréstimos",148496.0
2025-09-30,T3,6.01.01.05,Ajuste a valor justo de instrumento derivativo swap,-465599.0
2025-09-30,T3,6.01.01.06,Provisão para devedores duvidosos,35044.0
2025-09-30,T3,6.01.01.07,Provisão para litígios,-2636.0
2025-09-30,T3,6.01.01.08,Despesa com outorga de opções de ações,2953.0
2025-09-30,T3,6.01.01.09,Ajuste a valor presente de passivo de arrendamento,1512.0
2025-09-30,T3,6.01.01.10,Custo residual do ativo imobilizado baixado,3012.0
2025-09-30,T3,6.01.01.11,Ajuste a valor justo de commodities,108670.0
2025-09-30,T3,6.01.01.12,Rendimento de aplicações financeiras,-5374.0
2025-09-30,T3,6.01.01.13,Crédito tributário registrado,-65637.0
2025-09-30,T3,6.01.01.14,Equivalência Patrimonial,481.0
2025-09-30,T3,6.01.02,Variações nos Ativos e Passivos,-714042.0
2025-09-30,T3,6.01.02.01,Contas a receber de clientes,-532740.0
2025-09-30,T3,6.01.02.02,Instrumentos financeiros,0.0
2025-09-30,T3,6.01.02.03,Estoques,-629727.0
2025-09-30,T3,6.01.02.04,Impostos a recuperar,-139541.0
2025-09-30,T3,6.01.02.05,Adiantamentos,-185494.0
2025-09-30,T3,6.01.02.06,Despesas antecipadas,-70005.0
2025-09-30,T3,6.01.02.07,Partes relacionadas,-360.0
2025-09-30,T3,6.01.02.08,Depósitos judiciais,46.0
2025-09-30,T3,6.01.02.09,Outros ativos,-10546.0
2025-09-30,T3,6.01.02.10,Fornecedores,495805.0
2025-09-30,T3,6.01.02.11,Impostos a recolher,1156.0
2025-09-30,T3,6.01.02.12,"Salários, provisões e encargos sociais",-12957.0
2025-09-30,T3,6.01.02.13,Parcelamentos tributários,-997.0
2025-09-30,T3,6.01.02.14,Adiantamento de clientes,306046.0
2025-09-30,T3,6.01.02.15,Instrumentos financeiros,0.0
2025-09-30,T3,6.01.02.16,Outros passivos,15264.0
2025-09-30,T3,6.01.02.17,Imposto de renda e Contribuição Social a Recuperar,50008.0
2025-09-30,T3,6.01.03,Outros,-92641.0
2025-09-30,T3,6.01.03.01,Imposto de renda e contribuição socil pagos,-92641.0
2025-09-30,T3,6.02,Caixa Líquido Atividades de Investimento,-1247825.0
2025-09-30,T3,6.02.01,Aplicação financeira,-38327.0
2025-09-30,T3,6.02.02,Aquisição de imobilizado,-1244259.0
2025-09-30,T3,6.02.03,Aquisição de intangível,-20693.0
2025-09-30,T3,6.02.04,"Aquisição de controlada, líquido do caixa adquirido no consolidado",0.0
2025-09-30,T3,6.02.05,Aplicação Financeira,0.0
2025-09-30,T3,6.02.06,Investimento em Coligada,-13600.0
2025-09-30,T3,6.02.07,Resgates de aplicações financeiras,71306.0
2025-09-30,T3,6.02.08,Adição de Ativo Biológico,-2847.0
2025-09-30,T3,6.02.09,Alteração de Participação em Controlada,595.0
2025-09-30,T3,6.03,Caixa Líquido Atividades de Financiamento,1679997.0
2025-09-30,T3,6.03.01,"Aumento de capital, através de IPO",0.0
2025-09-30,T3,6.03.02,(-) Custos com a emissão de ações,0.0
2025-09-30,T3,6.03.03,Empréstimos e financiamentos captados,2811735.0
2025-09-30,T3,6.03.04,Pagamentos de empréstimos e financiamentos,-875780.0
2025-09-30,T3,6.03.05,Pagamento de dividendos,-95059.0
2025-09-30,T3,6.03.06,Pagamento de arrendamentos,-8647.0
2025-09-30,T3,6.03.07,Integralização de capital,3809.0
2025-09-30,T3,6.03.08,Ações em tesouraria,946.0
2025-09-30,T3,6.03.09,Pagamentos de juros sobre empréstimos e financiamentos,-158481.0
2025-09-30,T3,6.03.10,Recebimento de adiantamento para futuro aumento de capital,1474.0
2025-09-30,T3,6.04,Variação Cambial s/ Caixa e Equivalentes,0.0
2025-09-30,T3,6.05,Aumento (Redução) de Caixa e Equivalentes,426305.0
2025-09-30,T3,6.05.01,Saldo Inicial de Caixa e Equivalentes,1696858.0
2025-09-30,T3,6.05.02,Saldo Final de Caixa e Equivalentes,2123163.0
