data_fim,trimestre,cd_conta,ds_conta,valor_mil
2021-03-31,T1,1,Ativo Total,9613943.0
2021-03-31,T1,1.01,Ativo Circulante,2168727.0
2021-03-31,T1,1.01.01,Caixa e Equivalentes de Caixa,790998.0
2021-03-31,T1,1.01.02,Aplicações Financeiras,841680.0
2021-03-31,T1,1.01.02.01,Aplicações Financeiras Avaliadas a Valor Justo através do Resultado,841680.0
2021-03-31,T1,1.01.02.01.01,Títulos para Negociação,0.0
2021-03-31,T1,1.01.02.01.02,Títulos Designados a Valor Justo,0.0
2021-03-31,T1,1.01.02.01.03,Investimento de Curto Prazo,841680.0
2021-03-31,T1,1.01.02.02,Aplicações Financeiras Avaliadas a Valor Justo através de Outros Resultados Abrangentes,0.0
2021-03-31,T1,1.01.02.03,Aplicações Financeiras Avaliadas ao Custo Amortizado,0.0
2021-03-31,T1,1.01.03,Contas a Receber,280210.0
2021-03-31,T1,1.01.03.01,Clientes,280210.0
2021-03-31,T1,1.01.03.01.01,Contas a Receber de Clientes,280210.0
2021-03-31,T1,1.01.03.02,Outras Contas a Receber,0.0
2021-03-31,T1,1.01.04,Estoques,0.0
2021-03-31,T1,1.01.05,Ativos Biológicos,0.0
2021-03-31,T1,1.01.06,Tributos a Recuperar,43498.0
2021-03-31,T1,1.01.06.01,Tributos Correntes a Recuperar,43498.0
2021-03-31,T1,1.01.06.01.01,Imposto de Renda e Contribuição Social a Recuperar,41923.0
2021-03-31,T1,1.01.06.01.02,Outros Tributos a Recuperar,1575.0
2021-03-31,T1,1.01.07,Despesas Antecipadas,0.0
2021-03-31,T1,1.01.08,Outros Ativos Circulantes,212341.0
2021-03-31,T1,1.01.08.01,Ativos Não-Correntes a Venda,0.0
2021-03-31,T1,1.01.08.02,Ativos de Operações Descontinuadas,0.0
2021-03-31,T1,1.01.08.03,Outros,212341.0
2021-03-31,T1,1.01.08.03.01,Cauções e Depósitos Vinculados,54532.0
2021-03-31,T1,1.01.08.03.02,Outros Ativos,67624.0
2021-03-31,T1,1.01.08.03.03,Ativos Diponíveis para Venda,90185.0
2021-03-31,T1,1.01.08.03.04,Tributos DIferidos,0.0
2021-03-31,T1,1.02,Ativo Não Circulante,7445216.0
2021-03-31,T1,1.02.01,Ativo Realizável a Longo Prazo,141800.0
2021-03-31,T1,1.02.01.01,Aplicações Financeiras Avaliadas a Valor Justo através do Resultado,0.0
2021-03-31,T1,1.02.01.01.01,Títulos Designados a Valor Justo,0.0
2021-03-31,T1,1.02.01.02,Aplicações Financeiras Avaliadas a Valor Justo através de Outros Resultados Abrangentes,0.0
2021-03-31,T1,1.02.01.03,Aplicações Financeiras Avaliadas ao Custo Amortizado,0.0
2021-03-31,T1,1.02.01.04,Contas a Receber,0.0
2021-03-31,T1,1.02.01.04.01,Clientes,0.0
2021-03-31,T1,1.02.01.04.02,Outras Contas a Receber,0.0
2021-03-31,T1,1.02.01.05,Estoques,0.0
2021-03-31,T1,1.02.01.06,Ativos Biológicos,0.0
2021-03-31,T1,1.02.01.07,Tributos Diferidos,4417.0
2021-03-31,T1,1.02.01.07.01,Imposto de Renda e Contribuição Social Diferidos,4417.0
2021-03-31,T1,1.02.01.08,Despesas Antecipadas,0.0
2021-03-31,T1,1.02.01.09,Créditos com Partes Relacionadas,0.0
2021-03-31,T1,1.02.01.09.01,Créditos com Coligadas,0.0
2021-03-31,T1,1.02.01.09.03,Créditos com Controladores,0.0
2021-03-31,T1,1.02.01.09.04,Créditos com Outras Partes Relacionadas,0.0
2021-03-31,T1,1.02.01.10,Outros Ativos Não Circulantes,137383.0
2021-03-31,T1,1.02.01.10.01,Ativos Não-Correntes a Venda,0.0
2021-03-31,T1,1.02.01.10.02,Ativos de Operações Descontinuadas,0.0
2021-03-31,T1,1.02.01.10.03,Cauções e depósitos Vínculados,92521.0
2021-03-31,T1,1.02.01.10.04,Outros Ativos,44862.0
2021-03-31,T1,1.02.02,Investimentos,60725.0
2021-03-31,T1,1.02.02.01,Participações Societárias,0.0
2021-03-31,T1,1.02.02.01.01,Participações em Coligadas,0.0
2021-03-31,T1,1.02.02.01.04,Participações em Controladas em Conjunto,0.0
2021-03-31,T1,1.02.02.01.05,Outros Investimentos,0.0
2021-03-31,T1,1.02.02.02,Propriedades para Investimento,60725.0
2021-03-31,T1,1.02.02.02.01,Investimentos em Controladas e Joint Ventures,60725.0
2021-03-31,T1,1.02.03,Imobilizado,5996204.0
2021-03-31,T1,1.02.03.01,Imobilizado em Operação,5762574.0
2021-03-31,T1,1.02.03.01.01,Imóveis Destinados a Uso Futuro,2099.0
2021-03-31,T1,1.02.03.01.02,Imobilizado em Operação,5760475.0
2021-03-31,T1,1.02.03.02,Direito de Uso em Arrendamento,81354.0
2021-03-31,T1,1.02.03.02.01,Direito de Uso de Terreno Arrendado,74649.0
2021-03-31,T1,1.02.03.02.02,Direito de Uso de Edificações Arrendadas,6705.0
2021-03-31,T1,1.02.03.03,Imobilizado em Andamento,152276.0
2021-03-31,T1,1.02.04,Intangível,1246487.0
2021-03-31,T1,1.02.04.01,Intangíveis,1246487.0
2021-03-31,T1,1.02.04.01.01,Contrato de Concessão,0.0
2021-03-31,T1,1.02.04.01.02,"Intangível, líquido",1246487.0
2021-03-31,T1,1.02.04.02,Goodwill,0.0
2021-06-30,T2,1,Ativo Total,10257203.0
2021-06-30,T2,1.01,Ativo Circulante,1464717.0
2021-06-30,T2,1.01.01,Caixa e Equivalentes de Caixa,106802.0
2021-06-30,T2,1.01.02,Aplicações Financeiras,946688.0
2021-06-30,T2,1.01.02.01,Aplicações Financeiras Avaliadas a Valor Justo através do Resultado,946688.0
2021-06-30,T2,1.01.02.01.01,Títulos para Negociação,0.0
2021-06-30,T2,1.01.02.01.02,Títulos Designados a Valor Justo,0.0
2021-06-30,T2,1.01.02.01.03,Investimento de Curto Prazo,946688.0
2021-06-30,T2,1.01.02.02,Aplicações Financeiras Avaliadas a Valor Justo através de Outros Resultados Abrangentes,0.0
2021-06-30,T2,1.01.02.03,Aplicações Financeiras Avaliadas ao Custo Amortizado,0.0
2021-06-30,T2,1.01.03,Contas a Receber,242172.0
2021-06-30,T2,1.01.03.01,Clientes,242172.0
2021-06-30,T2,1.01.03.01.01,Contas a Receber de Clientes,242172.0
2021-06-30,T2,1.01.03.02,Outras Contas a Receber,0.0
2021-06-30,T2,1.01.04,Estoques,0.0
2021-06-30,T2,1.01.05,Ativos Biológicos,0.0
2021-06-30,T2,1.01.06,Tributos a Recuperar,64216.0
2021-06-30,T2,1.01.06.01,Tributos Correntes a Recuperar,64216.0
2021-06-30,T2,1.01.06.01.01,Imposto de Renda e Contribuição Social a Recuperar,62547.0
2021-06-30,T2,1.01.06.01.02,Outros Tributos a Recuperar,1669.0
2021-06-30,T2,1.01.07,Despesas Antecipadas,0.0
2021-06-30,T2,1.01.08,Outros Ativos Circulantes,104839.0
2021-06-30,T2,1.01.08.01,Ativos Não-Correntes a Venda,0.0
2021-06-30,T2,1.01.08.02,Ativos de Operações Descontinuadas,0.0
2021-06-30,T2,1.01.08.03,Outros,104839.0
2021-06-30,T2,1.01.08.03.01,Cauções e Depósitos Vinculados,6874.0
2021-06-30,T2,1.01.08.03.02,Outros Ativos,97965.0
2021-06-30,T2,1.01.08.03.03,Ativos Diponíveis para Venda,0.0
2021-06-30,T2,1.01.08.03.04,Tributos DIferidos,0.0
2021-06-30,T2,1.02,Ativo Não Circulante,8792486.0
2021-06-30,T2,1.02.01,Ativo Realizável a Longo Prazo,280193.0
2021-06-30,T2,1.02.01.01,Aplicações Financeiras Avaliadas a Valor Justo através do Resultado,0.0
2021-06-30,T2,1.02.01.01.01,Títulos Designados a Valor Justo,0.0
2021-06-30,T2,1.02.01.02,Aplicações Financeiras Avaliadas a Valor Justo através de Outros Resultados Abrangentes,0.0
2021-06-30,T2,1.02.01.03,Aplicações Financeiras Avaliadas ao Custo Amortizado,0.0
2021-06-30,T2,1.02.01.04,Contas a Receber,0.0
2021-06-30,T2,1.02.01.04.01,Clientes,0.0
2021-06-30,T2,1.02.01.04.02,Outras Contas a Receber,0.0
2021-06-30,T2,1.02.01.05,Estoques,0.0
2021-06-30,T2,1.02.01.06,Ativos Biológicos,0.0
2021-06-30,T2,1.02.01.07,Tributos Diferidos,16228.0
2021-06-30,T2,1.02.01.07.01,Imposto de Renda e Contribuição Social Diferidos,16228.0
2021-06-30,T2,1.02.01.08,Despesas Antecipadas,0.0
2021-06-30,T2,1.02.01.09,Créditos com Partes Relacionadas,0.0
2021-06-30,T2,1.02.01.09.01,Créditos com Coligadas,0.0
2021-06-30,T2,1.02.01.09.03,Créditos com Controladores,0.0
2021-06-30,T2,1.02.01.09.04,Créditos com Outras Partes Relacionadas,0.0
2021-06-30,T2,1.02.01.10,Outros Ativos Não Circulantes,263965.0
2021-06-30,T2,1.02.01.10.01,Ativos Não-Correntes a Venda,0.0
2021-06-30,T2,1.02.01.10.02,Ativos de Operações Descontinuadas,0.0
2021-06-30,T2,1.02.01.10.03,Cauções e depósitos Vínculados,223693.0
2021-06-30,T2,1.02.01.10.04,Outros Ativos,40272.0
2021-06-30,T2,1.02.02,Investimentos,74644.0
2021-06-30,T2,1.02.02.01,Participações Societárias,74644.0
2021-06-30,T2,1.02.02.01.01,Participações em Coligadas,0.0
2021-06-30,T2,1.02.02.01.04,Participações em Controladas em Conjunto,74644.0
2021-06-30,T2,1.02.02.01.05,Outros Investimentos,0.0
2021-06-30,T2,1.02.02.02,Propriedades para Investimento,0.0
2021-06-30,T2,1.02.02.02.01,Investimentos em Controladas e Joint Ventures,0.0
2021-06-30,T2,1.02.03,Imobilizado,6900698.0
2021-06-30,T2,1.02.03.01,Imobilizado em Operação,6333937.0
2021-06-30,T2,1.02.03.01.01,Imóveis Destinados a Uso Futuro,0.0
2021-06-30,T2,1.02.03.01.02,Imobilizado em Operação,0.0
2021-06-30,T2,1.02.03.01.03,Imobilizado em Serviço,6331838.0
2021-06-30,T2,1.02.03.01.04,Imóveis Destinados a Uso Futuro,2099.0
2021-06-30,T2,1.02.03.02,Direito de Uso em Arrendamento,97032.0
2021-06-30,T2,1.02.03.02.01,Direito de Uso de Terreno Arrendado,88518.0
2021-06-30,T2,1.02.03.02.02,Direito de Uso de Edificações Arrendadas,8514.0
2021-06-30,T2,1.02.03.03,Imobilizado em Andamento,469729.0
2021-06-30,T2,1.02.04,Intangível,1536951.0
2021-06-30,T2,1.02.04.01,Intangíveis,1536951.0
2021-06-30,T2,1.02.04.01.01,Contrato de Concessão,0.0
2021-06-30,T2,1.02.04.01.02,"Intangível, líquido",0.0
2021-06-30,T2,1.02.04.01.03,Uso do Bem Público,23166.0
2021-06-30,T2,1.02.04.01.04,Extensão de Concessão,940589.0
2021-06-30,T2,1.02.04.01.05,Software e Outros Intangíveis,53536.0
2021-06-30,T2,1.02.04.01.06,Intangível na Aquisição de Investimento,519660.0
2021-06-30,T2,1.02.04.02,Goodwill,0.0
2021-09-30,T3,1,Ativo Total,10919038.0
2021-09-30,T3,1.01,Ativo Circulante,1215193.0
2021-09-30,T3,1.01.01,Caixa e Equivalentes de Caixa,33560.0
2021-09-30,T3,1.01.02,Aplicações Financeiras,698114.0
2021-09-30,T3,1.01.02.01,Aplicações Financeiras Avaliadas a Valor Justo através do Resultado,698114.0
2021-09-30,T3,1.01.02.01.01,Títulos para Negociação,0.0
2021-09-30,T3,1.01.02.01.02,Títulos Designados a Valor Justo,0.0
2021-09-30,T3,1.01.02.02,Aplicações Financeiras Avaliadas a Valor Justo através de Outros Resultados Abrangentes,0.0
2021-09-30,T3,1.01.02.03,Aplicações Financeiras Avaliadas ao Custo Amortizado,0.0
2021-09-30,T3,1.01.03,Contas a Receber,282479.0
2021-09-30,T3,1.01.03.01,Clientes,247375.0
2021-09-30,T3,1.01.03.02,Outras Contas a Receber,35104.0
2021-09-30,T3,1.01.04,Estoques,0.0
2021-09-30,T3,1.01.05,Ativos Biológicos,0.0
2021-09-30,T3,1.01.06,Tributos a Recuperar,79632.0
2021-09-30,T3,1.01.06.01,Tributos Correntes a Recuperar,79632.0
2021-09-30,T3,1.01.06.01.01,Imposto de renda e contribuição social a recuperar,76429.0
2021-09-30,T3,1.01.06.01.02,Outros tributos a recuperar,3203.0
2021-09-30,T3,1.01.07,Despesas Antecipadas,0.0
2021-09-30,T3,1.01.08,Outros Ativos Circulantes,121408.0
2021-09-30,T3,1.01.08.01,Ativos Não-Correntes a Venda,0.0
2021-09-30,T3,1.01.08.02,Ativos de Operações Descontinuadas,0.0
2021-09-30,T3,1.01.08.03,Outros,121408.0
2021-09-30,T3,1.01.08.03.01,Cauções e Depósitos Vinculados,41731.0
2021-09-30,T3,1.01.08.03.02,Instrumentos financeiros derivativos,10704.0
2021-09-30,T3,1.01.08.03.03,Outros Créditos,55664.0
2021-09-30,T3,1.01.08.03.04,Conta de ressarcimento,13309.0
2021-09-30,T3,1.02,Ativo Não Circulante,9703845.0
2021-09-30,T3,1.02.01,Ativo Realizável a Longo Prazo,837202.0
2021-09-30,T3,1.02.01.01,Aplicações Financeiras Avaliadas a Valor Justo através do Resultado,0.0
2021-09-30,T3,1.02.01.01.01,Títulos Designados a Valor Justo,0.0
2021-09-30,T3,1.02.01.02,Aplicações Financeiras Avaliadas a Valor Justo através de Outros Resultados Abrangentes,0.0
2021-09-30,T3,1.02.01.03,Aplicações Financeiras Avaliadas ao Custo Amortizado,0.0
2021-09-30,T3,1.02.01.04,Contas a Receber,0.0
2021-09-30,T3,1.02.01.04.01,Clientes,0.0
2021-09-30,T3,1.02.01.04.02,Outras Contas a Receber,0.0
2021-09-30,T3,1.02.01.05,Estoques,0.0
2021-09-30,T3,1.02.01.06,Ativos Biológicos,0.0
2021-09-30,T3,1.02.01.07,Tributos Diferidos,538118.0
2021-09-30,T3,1.02.01.07.01,Imposto de Renda e Contribuição Social Diferidos,538118.0
2021-09-30,T3,1.02.01.08,Despesas Antecipadas,0.0
2021-09-30,T3,1.02.01.09,Créditos com Partes Relacionadas,0.0
2021-09-30,T3,1.02.01.09.01,Créditos com Coligadas,0.0
2021-09-30,T3,1.02.01.09.03,Créditos com Controladores,0.0
2021-09-30,T3,1.02.01.09.04,Créditos com Outras Partes Relacionadas,0.0
2021-09-30,T3,1.02.01.10,Outros Ativos Não Circulantes,299084.0
2021-09-30,T3,1.02.01.10.01,Ativos Não-Correntes a Venda,0.0
2021-09-30,T3,1.02.01.10.02,Ativos de Operações Descontinuadas,0.0
2021-09-30,T3,1.02.01.10.03,Cauções e Depósitos Vinculados,249306.0
2021-09-30,T3,1.02.01.10.04,Instrumentos Financeiros Derivativos,12240.0
2021-09-30,T3,1.02.01.10.05,Outros Créditos,31706.0
2021-09-30,T3,1.02.01.10.06,Conta de ressarcimento,5832.0
2021-09-30,T3,1.02.02,Investimentos,87641.0
2021-09-30,T3,1.02.02.01,Participações Societárias,87641.0
2021-09-30,T3,1.02.02.01.01,Participações em Coligadas,0.0
2021-09-30,T3,1.02.02.01.04,Participações em Controladas em Conjunto,0.0
2021-09-30,T3,1.02.02.01.05,Outros Investimentos,0.0
2021-09-30,T3,1.02.02.02,Propriedades para Investimento,0.0
2021-09-30,T3,1.02.03,Imobilizado,7055469.0
2021-09-30,T3,1.02.03.01,Imobilizado em Operação,6250767.0
2021-09-30,T3,1.02.03.01.01,Imobilizado em Serviço,6248668.0
2021-09-30,T3,1.02.03.01.02,Imóveis Destinados a Uso Futuro,2099.0
2021-09-30,T3,1.02.03.02,Direito de Uso em Arrendamento,95926.0
2021-09-30,T3,1.02.03.02.01,Direito de Uso de Terreno Arrendado,88531.0
2021-09-30,T3,1.02.03.02.02,Direito de Uso de Edificações Arrendadas,7395.0
2021-09-30,T3,1.02.03.03,Imobilizado em Andamento,708776.0
2021-09-30,T3,1.02.04,Intangível,1723533.0
2021-09-30,T3,1.02.04.01,Intangíveis,1723533.0
2021-09-30,T3,1.02.04.01.01,Contrato de Concessão,0.0
2021-09-30,T3,1.02.04.01.02,Uso do Bem Público,22644.0
2021-09-30,T3,1.02.04.01.03,Intangível Gerado na Aquisição de Investimentos,723264.0
2021-09-30,T3,1.02.04.01.04,Extensão de concessão,919456.0
2021-09-30,T3,1.02.04.01.05,Software e Outros Intangíveis,58169.0
2021-09-30,T3,1.02.04.02,Goodwill,0.0
2022-03-31,T1,1,Ativo Total,12666272.0
2022-03-31,T1,1.01,Ativo Circulante,2842864.0
2022-03-31,T1,1.01.01,Caixa e Equivalentes de Caixa,305345.0
2022-03-31,T1,1.01.01.01,Caixa e Equivalentes de Caixa,305345.0
2022-03-31,T1,1.01.02,Aplicações Financeiras,1920063.0
2022-03-31,T1,1.01.02.01,Aplicações Financeiras Avaliadas a Valor Justo através do Resultado,1920063.0
2022-03-31,T1,1.01.02.01.01,Títulos para Negociação,0.0
2022-03-31,T1,1.01.02.01.02,Títulos Designados a Valor Justo,0.0
2022-03-31,T1,1.01.02.02,Aplicações Financeiras Avaliadas a Valor Justo através de Outros Resultados Abrangentes,0.0
2022-03-31,T1,1.01.02.03,Aplicações Financeiras Avaliadas ao Custo Amortizado,0.0
2022-03-31,T1,1.01.03,Contas a Receber,299197.0
2022-03-31,T1,1.01.03.01,Clientes,299197.0
2022-03-31,T1,1.01.03.01.01,Contas a receber de clientes,299197.0
2022-03-31,T1,1.01.03.02,Outras Contas a Receber,0.0
2022-03-31,T1,1.01.03.02.01,Contas a receber sobre venda de controlada,0.0
2022-03-31,T1,1.01.04,Estoques,0.0
2022-03-31,T1,1.01.04.01,Almoxarifado,0.0
2022-03-31,T1,1.01.05,Ativos Biológicos,0.0
2022-03-31,T1,1.01.06,Tributos a Recuperar,86074.0
2022-03-31,T1,1.01.06.01,Tributos Correntes a Recuperar,86074.0
2022-03-31,T1,1.01.06.01.01,Imposto de renda e contribuição social a recuperar,84513.0
2022-03-31,T1,1.01.06.01.02,Outros tributos a recuperar,1561.0
2022-03-31,T1,1.01.07,Despesas Antecipadas,0.0
2022-03-31,T1,1.01.08,Outros Ativos Circulantes,232185.0
2022-03-31,T1,1.01.08.01,Ativos Não-Correntes a Venda,0.0
2022-03-31,T1,1.01.08.02,Ativos de Operações Descontinuadas,0.0
2022-03-31,T1,1.01.08.03,Outros,232185.0
2022-03-31,T1,1.01.08.03.01,Cauções e Depósitos Vinculados,60956.0
2022-03-31,T1,1.01.08.03.02,Instrumentos financeiros derivativos,0.0
2022-03-31,T1,1.01.08.03.03,Outros Créditos,148923.0
2022-03-31,T1,1.01.08.03.04,Conta de ressarcimento,22306.0
2022-03-31,T1,1.02,Ativo Não Circulante,9823408.0
2022-03-31,T1,1.02.01,Ativo Realizável a Longo Prazo,389155.0
2022-03-31,T1,1.02.01.01,Aplicações Financeiras Avaliadas a Valor Justo através do Resultado,0.0
2022-03-31,T1,1.02.01.01.01,Títulos Designados a Valor Justo,0.0
2022-03-31,T1,1.02.01.02,Aplicações Financeiras Avaliadas a Valor Justo através de Outros Resultados Abrangentes,0.0
2022-03-31,T1,1.02.01.03,Aplicações Financeiras Avaliadas ao Custo Amortizado,0.0
2022-03-31,T1,1.02.01.03.01,Clientes,0.0
2022-03-31,T1,1.02.01.03.02,Outras Contas a Receber,0.0
2022-03-31,T1,1.02.01.04,Contas a Receber,0.0
2022-03-31,T1,1.02.01.04.01,Clientes,0.0
2022-03-31,T1,1.02.01.04.02,Outras Contas a Receber,0.0
2022-03-31,T1,1.02.01.05,Estoques,0.0
2022-03-31,T1,1.02.01.06,Ativos Biológicos,0.0
2022-03-31,T1,1.02.01.07,Tributos Diferidos,121376.0
2022-03-31,T1,1.02.01.07.01,Imposto de Renda e Contribuição Social Diferidos,121376.0
2022-03-31,T1,1.02.01.08,Despesas Antecipadas,0.0
2022-03-31,T1,1.02.01.09,Créditos com Partes Relacionadas,0.0
2022-03-31,T1,1.02.01.09.01,Créditos com Coligadas,0.0
2022-03-31,T1,1.02.01.09.03,Créditos com Controladores,0.0
2022-03-31,T1,1.02.01.09.04,Créditos com Outras Partes Relacionadas,0.0
2022-03-31,T1,1.02.01.10,Outros Ativos Não Circulantes,267779.0
2022-03-31,T1,1.02.01.10.01,Ativos Não-Correntes a Venda,0.0
2022-03-31,T1,1.02.01.10.02,Ativos de Operações Descontinuadas,0.0
2022-03-31,T1,1.02.01.10.03,Cauções e Depósitos Vinculados,226052.0
2022-03-31,T1,1.02.01.10.04,Instrumentos Financeiros Derivativos,0.0
2022-03-31,T1,1.02.01.10.05,Outros Créditos,30150.0
2022-03-31,T1,1.02.01.10.06,Conta de ressarcimento,11577.0
2022-03-31,T1,1.02.02,Investimentos,85611.0
2022-03-31,T1,1.02.02.01,Participações Societárias,85611.0
2022-03-31,T1,1.02.02.01.01,Participações em Coligadas,0.0
2022-03-31,T1,1.02.02.01.04,Participações em Controladas em Conjunto,0.0
2022-03-31,T1,1.02.02.01.05,Outros Investimentos,0.0
2022-03-31,T1,1.02.02.02,Propriedades para Investimento,0.0
2022-03-31,T1,1.02.03,Imobilizado,7635594.0
2022-03-31,T1,1.02.03.01,Imobilizado em Operação,6198593.0
2022-03-31,T1,1.02.03.01.01,Imobilizado em Serviço,6196494.0
2022-03-31,T1,1.02.03.01.02,Imóveis Destinados a Uso Futuro,2099.0
2022-03-31,T1,1.02.03.01.03,Obrigações Especiais,0.0
2022-03-31,T1,1.02.03.01.04,Provisão para Redução ao Provável Valor de Realização de Ativos,0.0
2022-03-31,T1,1.02.03.02,Direito de Uso em Arrendamento,104441.0
2022-03-31,T1,1.02.03.02.01,Direito de Uso de Terreno Arrendado,97615.0
2022-03-31,T1,1.02.03.02.02,Direito de Uso de Edificações Arrendadas,6826.0
2022-03-31,T1,1.02.03.02.03,Imobilizado Arrendado,0.0
2022-03-31,T1,1.02.03.03,Imobilizado em Andamento,1332560.0
2022-03-31,T1,1.02.04,Intangível,1713048.0
2022-03-31,T1,1.02.04.01,Intangíveis,1713048.0
2022-03-31,T1,1.02.04.01.01,Contrato de Concessão,0.0
2022-03-31,T1,1.02.04.01.02,Uso do Bem Público,21599.0
2022-03-31,T1,1.02.04.01.03,Intangível Gerado na Aquisição de Investimentos,741510.0
2022-03-31,T1,1.02.04.01.04,Extensão de concessão,877189.0
2022-03-31,T1,1.02.04.01.05,Software e Outros Intangíveis,72750.0
2022-03-31,T1,1.02.04.02,Goodwill,0.0
2022-06-30,T2,1,Ativo Total,14194610.0
2022-06-30,T2,1.01,Ativo Circulante,3986305.0
2022-06-30,T2,1.01.01,Caixa e Equivalentes de Caixa,521663.0
2022-06-30,T2,1.01.01.01,Caixa e Equivalentes de Caixa,521663.0
2022-06-30,T2,1.01.02,Aplicações Financeiras,2901821.0
2022-06-30,T2,1.01.02.01,Aplicações Financeiras Avaliadas a Valor Justo através do Resultado,2901821.0
2022-06-30,T2,1.01.02.01.01,Títulos para Negociação,0.0
2022-06-30,T2,1.01.02.01.02,Títulos Designados a Valor Justo,0.0
2022-06-30,T2,1.01.02.02,Aplicações Financeiras Avaliadas a Valor Justo através de Outros Resultados Abrangentes,0.0
2022-06-30,T2,1.01.02.03,Aplicações Financeiras Avaliadas ao Custo Amortizado,0.0
2022-06-30,T2,1.01.03,Contas a Receber,265347.0
2022-06-30,T2,1.01.03.01,Clientes,265347.0
2022-06-30,T2,1.01.03.01.01,Contas a receber de clientes,265347.0
2022-06-30,T2,1.01.03.02,Outras Contas a Receber,0.0
2022-06-30,T2,1.01.03.02.01,Contas a receber sobre venda de controlada,0.0
2022-06-30,T2,1.01.04,Estoques,0.0
2022-06-30,T2,1.01.04.01,Almoxarifado,0.0
2022-06-30,T2,1.01.05,Ativos Biológicos,0.0
2022-06-30,T2,1.01.06,Tributos a Recuperar,77567.0
2022-06-30,T2,1.01.06.01,Tributos Correntes a Recuperar,77567.0
2022-06-30,T2,1.01.06.01.01,Imposto de renda e contribuição social a recuperar,75505.0
2022-06-30,T2,1.01.06.01.02,Outros tributos a recuperar,2062.0
2022-06-30,T2,1.01.07,Despesas Antecipadas,0.0
2022-06-30,T2,1.01.08,Outros Ativos Circulantes,219907.0
2022-06-30,T2,1.01.08.01,Ativos Não-Correntes a Venda,0.0
2022-06-30,T2,1.01.08.02,Ativos de Operações Descontinuadas,0.0
2022-06-30,T2,1.01.08.03,Outros,219907.0
2022-06-30,T2,1.01.08.03.01,Cauções e Depósitos Vinculados,61301.0
2022-06-30,T2,1.01.08.03.02,Instrumentos financeiros derivativos,0.0
2022-06-30,T2,1.01.08.03.03,Outros Créditos,142141.0
2022-06-30,T2,1.01.08.03.04,Conta de ressarcimento,16465.0
2022-06-30,T2,1.02,Ativo Não Circulante,10208305.0
2022-06-30,T2,1.02.01,Ativo Realizável a Longo Prazo,416404.0
2022-06-30,T2,1.02.01.01,Aplicações Financeiras Avaliadas a Valor Justo através do Resultado,0.0
2022-06-30,T2,1.02.01.01.01,Títulos Designados a Valor Justo,0.0
2022-06-30,T2,1.02.01.02,Aplicações Financeiras Avaliadas a Valor Justo através de Outros Resultados Abrangentes,0.0
2022-06-30,T2,1.02.01.03,Aplicações Financeiras Avaliadas ao Custo Amortizado,0.0
2022-06-30,T2,1.02.01.03.01,Clientes,0.0
2022-06-30,T2,1.02.01.03.02,Outras Contas a Receber,0.0
2022-06-30,T2,1.02.01.04,Contas a Receber,0.0
2022-06-30,T2,1.02.01.04.01,Clientes,0.0
2022-06-30,T2,1.02.01.04.02,Outras Contas a Receber,0.0
2022-06-30,T2,1.02.01.05,Estoques,0.0
2022-06-30,T2,1.02.01.06,Ativos Biológicos,0.0
2022-06-30,T2,1.02.01.07,Tributos Diferidos,156022.0
2022-06-30,T2,1.02.01.07.01,Imposto de Renda e Contribuição Social Diferidos,156022.0
2022-06-30,T2,1.02.01.08,Despesas Antecipadas,0.0
2022-06-30,T2,1.02.01.09,Créditos com Partes Relacionadas,0.0
2022-06-30,T2,1.02.01.09.01,Créditos com Coligadas,0.0
2022-06-30,T2,1.02.01.09.03,Créditos com Controladores,0.0
2022-06-30,T2,1.02.01.09.04,Créditos com Outras Partes Relacionadas,0.0
2022-06-30,T2,1.02.01.10,Outros Ativos Não Circulantes,260382.0
2022-06-30,T2,1.02.01.10.01,Ativos Não-Correntes a Venda,0.0
2022-06-30,T2,1.02.01.10.02,Ativos de Operações Descontinuadas,0.0
2022-06-30,T2,1.02.01.10.03,Cauções e Depósitos Vinculados,219088.0
2022-06-30,T2,1.02.01.10.04,Instrumentos Financeiros Derivativos,0.0
2022-06-30,T2,1.02.01.10.05,Outros Créditos,37543.0
2022-06-30,T2,1.02.01.10.06,Conta de ressarcimento,3751.0
2022-06-30,T2,1.02.02,Investimentos,90395.0
2022-06-30,T2,1.02.02.01,Participações Societárias,90395.0
2022-06-30,T2,1.02.02.01.01,Participações em Coligadas,0.0
2022-06-30,T2,1.02.02.01.04,Participações em Controladas em Conjunto,0.0
2022-06-30,T2,1.02.02.01.05,Outros Investimentos,0.0
2022-06-30,T2,1.02.02.02,Propriedades para Investimento,0.0
2022-06-30,T2,1.02.03,Imobilizado,8006805.0
2022-06-30,T2,1.02.03.01,Imobilizado em Operação,6137674.0
2022-06-30,T2,1.02.03.01.01,Imobilizado em Serviço,6135575.0
2022-06-30,T2,1.02.03.01.02,Imóveis Destinados a Uso Futuro,2099.0
2022-06-30,T2,1.02.03.01.03,Obrigações Especiais,0.0
2022-06-30,T2,1.02.03.01.04,Provisão para Redução ao Provável Valor de Realização de Ativos,0.0
2022-06-30,T2,1.02.03.02,Direito de Uso em Arrendamento,104946.0
2022-06-30,T2,1.02.03.02.01,Direito de Uso de Terreno Arrendado,96272.0
2022-06-30,T2,1.02.03.02.02,Direito de Uso de Edificações Arrendadas,8674.0
2022-06-30,T2,1.02.03.02.03,Imobilizado Arrendado,0.0
2022-06-30,T2,1.02.03.03,Imobilizado em Andamento,1764185.0
2022-06-30,T2,1.02.04,Intangível,1694701.0
2022-06-30,T2,1.02.04.01,Intangíveis,1694701.0
2022-06-30,T2,1.02.04.01.01,Contrato de Concessão,0.0
2022-06-30,T2,1.02.04.01.02,Uso do Bem Público,21076.0
2022-06-30,T2,1.02.04.01.03,Intangível Gerado na Aquisição de Investimentos,735248.0
2022-06-30,T2,1.02.04.01.04,Extensão de concessão,856056.0
2022-06-30,T2,1.02.04.01.05,Software e Outros Intangíveis,82321.0
2022-06-30,T2,1.02.04.02,Goodwill,0.0
2022-09-30,T3,1,Ativo Total,15104672.0
2022-09-30,T3,1.01,Ativo Circulante,4091868.0
2022-09-30,T3,1.01.01,Caixa e Equivalentes de Caixa,96985.0
2022-09-30,T3,1.01.01.01,Caixa e Equivalentes de Caixa,0.0
2022-09-30,T3,1.01.02,Aplicações Financeiras,3358397.0
2022-09-30,T3,1.01.02.01,Aplicações Financeiras Avaliadas a Valor Justo através do Resultado,3358397.0
2022-09-30,T3,1.01.02.01.01,Títulos para Negociação,0.0
2022-09-30,T3,1.01.02.01.02,Títulos Designados a Valor Justo,0.0
2022-09-30,T3,1.01.02.02,Aplicações Financeiras Avaliadas a Valor Justo através de Outros Resultados Abrangentes,0.0
2022-09-30,T3,1.01.02.03,Aplicações Financeiras Avaliadas ao Custo Amortizado,0.0
2022-09-30,T3,1.01.03,Contas a Receber,297625.0
2022-09-30,T3,1.01.03.01,Clientes,297625.0
2022-09-30,T3,1.01.03.01.01,Contas a receber de clientes,297625.0
2022-09-30,T3,1.01.03.02,Outras Contas a Receber,0.0
2022-09-30,T3,1.01.03.02.01,Contas a receber sobre venda de controlada,0.0
2022-09-30,T3,1.01.04,Estoques,0.0
2022-09-30,T3,1.01.04.01,Almoxarifado,0.0
2022-09-30,T3,1.01.05,Ativos Biológicos,0.0
2022-09-30,T3,1.01.06,Tributos a Recuperar,85729.0
2022-09-30,T3,1.01.06.01,Tributos Correntes a Recuperar,85729.0
2022-09-30,T3,1.01.06.01.01,Imposto de renda e contribuição social a recuperar,82537.0
2022-09-30,T3,1.01.06.01.02,Outros tributos a recuperar,3192.0
2022-09-30,T3,1.01.07,Despesas Antecipadas,0.0
2022-09-30,T3,1.01.08,Outros Ativos Circulantes,253132.0
2022-09-30,T3,1.01.08.01,Ativos Não-Correntes a Venda,0.0
2022-09-30,T3,1.01.08.02,Ativos de Operações Descontinuadas,0.0
2022-09-30,T3,1.01.08.03,Outros,253132.0
2022-09-30,T3,1.01.08.03.01,Cauções e Depósitos Vinculados,59855.0
2022-09-30,T3,1.01.08.03.02,Instrumentos financeiros derivativos,25794.0
2022-09-30,T3,1.01.08.03.03,Outros Créditos,151054.0
2022-09-30,T3,1.01.08.03.04,Conta de ressarcimento,16429.0
2022-09-30,T3,1.02,Ativo Não Circulante,11012804.0
2022-09-30,T3,1.02.01,Ativo Realizável a Longo Prazo,434468.0
2022-09-30,T3,1.02.01.01,Aplicações Financeiras Avaliadas a Valor Justo através do Resultado,0.0
2022-09-30,T3,1.02.01.01.01,Títulos Designados a Valor Justo,0.0
2022-09-30,T3,1.02.01.02,Aplicações Financeiras Avaliadas a Valor Justo através de Outros Resultados Abrangentes,0.0
2022-09-30,T3,1.02.01.03,Aplicações Financeiras Avaliadas ao Custo Amortizado,0.0
2022-09-30,T3,1.02.01.03.01,Clientes,0.0
2022-09-30,T3,1.02.01.03.02,Outras Contas a Receber,0.0
2022-09-30,T3,1.02.01.04,Contas a Receber,0.0
2022-09-30,T3,1.02.01.04.01,Clientes,0.0
2022-09-30,T3,1.02.01.04.02,Outras Contas a Receber,0.0
2022-09-30,T3,1.02.01.05,Estoques,0.0
2022-09-30,T3,1.02.01.06,Ativos Biológicos,0.0
2022-09-30,T3,1.02.01.07,Tributos Diferidos,138435.0
2022-09-30,T3,1.02.01.07.01,Imposto de Renda e Contribuição Social Diferidos,0.0
2022-09-30,T3,1.02.01.08,Despesas Antecipadas,0.0
2022-09-30,T3,1.02.01.09,Créditos com Partes Relacionadas,0.0
2022-09-30,T3,1.02.01.09.01,Créditos com Coligadas,0.0
2022-09-30,T3,1.02.01.09.03,Créditos com Controladores,0.0
2022-09-30,T3,1.02.01.09.04,Créditos com Outras Partes Relacionadas,0.0
2022-09-30,T3,1.02.01.10,Outros Ativos Não Circulantes,296033.0
2022-09-30,T3,1.02.01.10.01,Ativos Não-Correntes a Venda,0.0
2022-09-30,T3,1.02.01.10.02,Ativos de Operações Descontinuadas,0.0
2022-09-30,T3,1.02.01.10.03,Cauções e Depósitos Vinculados,253596.0
2022-09-30,T3,1.02.01.10.04,Instrumentos Financeiros Derivativos,0.0
2022-09-30,T3,1.02.01.10.05,Conta de ressarcimento,1243.0
2022-09-30,T3,1.02.01.10.06,Outros Créditos,38111.0
2022-09-30,T3,1.02.01.10.07,Instrumentos financeiros derivativos,3083.0
2022-09-30,T3,1.02.02,Investimentos,105596.0
2022-09-30,T3,1.02.02.01,Participações Societárias,105596.0
2022-09-30,T3,1.02.02.01.01,Participações em Coligadas,0.0
2022-09-30,T3,1.02.02.01.04,Participações em Controladas em Conjunto,0.0
2022-09-30,T3,1.02.02.01.05,Outros Investimentos,0.0
2022-09-30,T3,1.02.02.02,Propriedades para Investimento,0.0
2022-09-30,T3,1.02.03,Imobilizado,8770141.0
2022-09-30,T3,1.02.03.01,Imobilizado em Operação,6059013.0
2022-09-30,T3,1.02.03.01.01,Imobilizado em Serviço,6056914.0
2022-09-30,T3,1.02.03.01.02,Imóveis Destinados a Uso Futuro,2099.0
2022-09-30,T3,1.02.03.01.03,Obrigações Especiais,0.0
2022-09-30,T3,1.02.03.01.04,Provisão para Redução ao Provável Valor de Realização de Ativos,0.0
2022-09-30,T3,1.02.03.02,Direito de Uso em Arrendamento,106543.0
2022-09-30,T3,1.02.03.02.01,Direito de Uso de Terreno Arrendado,97524.0
2022-09-30,T3,1.02.03.02.02,Direito de Uso de Edificações Arrendadas,9019.0
2022-09-30,T3,1.02.03.02.03,Imobilizado Arrendado,0.0
2022-09-30,T3,1.02.03.03,Imobilizado em Andamento,2604585.0
2022-09-30,T3,1.02.04,Intangível,1702599.0
2022-09-30,T3,1.02.04.01,Intangíveis,1702599.0
2022-09-30,T3,1.02.04.01.01,Contrato de Concessão,0.0
2022-09-30,T3,1.02.04.01.02,Uso do Bem Público,20554.0
2022-09-30,T3,1.02.04.01.03,Intangível Gerado na Aquisição de Investimentos,750058.0
2022-09-30,T3,1.02.04.01.04,Extensão de concessão,834922.0
2022-09-30,T3,1.02.04.01.05,Software e Outros Intangíveis,97065.0
2022-09-30,T3,1.02.04.02,Goodwill,0.0
2023-03-31,T1,1,Ativo Total,20021297.0
2023-03-31,T1,1.01,Ativo Circulante,5033325.0
2023-03-31,T1,1.01.01,Caixa e Equivalentes de Caixa,37793.0
2023-03-31,T1,1.01.02,Aplicações Financeiras,3908692.0
2023-03-31,T1,1.01.02.01,Aplicações Financeiras Avaliadas a Valor Justo através do Resultado,3908692.0
2023-03-31,T1,1.01.02.01.01,Títulos para Negociação,0.0
2023-03-31,T1,1.01.02.01.02,Títulos Designados a Valor Justo,0.0
2023-03-31,T1,1.01.02.02,Aplicações Financeiras Avaliadas a Valor Justo através de Outros Resultados Abrangentes,0.0
2023-03-31,T1,1.01.02.03,Aplicações Financeiras Avaliadas ao Custo Amortizado,0.0
2023-03-31,T1,1.01.03,Contas a Receber,347996.0
2023-03-31,T1,1.01.03.01,Clientes,347996.0
2023-03-31,T1,1.01.03.01.01,Contas a receber de clientes,347996.0
2023-03-31,T1,1.01.03.02,Outras Contas a Receber,0.0
2023-03-31,T1,1.01.03.02.01,Contas a receber sobre venda de controlada,0.0
2023-03-31,T1,1.01.04,Estoques,0.0
2023-03-31,T1,1.01.04.01,Almoxarifado,0.0
2023-03-31,T1,1.01.05,Ativos Biológicos,0.0
2023-03-31,T1,1.01.06,Tributos a Recuperar,143783.0
2023-03-31,T1,1.01.06.01,Tributos Correntes a Recuperar,143783.0
2023-03-31,T1,1.01.06.01.01,Imposto de renda e contribuição social a recuperar,139078.0
2023-03-31,T1,1.01.06.01.02,Outros tributos a recuperar,4705.0
2023-03-31,T1,1.01.07,Despesas Antecipadas,0.0
2023-03-31,T1,1.01.08,Outros Ativos Circulantes,595061.0
2023-03-31,T1,1.01.08.01,Ativos Não-Correntes a Venda,0.0
2023-03-31,T1,1.01.08.02,Ativos de Operações Descontinuadas,0.0
2023-03-31,T1,1.01.08.03,Outros,595061.0
2023-03-31,T1,1.01.08.03.01,Cauções e Depósitos Vinculados,288256.0
2023-03-31,T1,1.01.08.03.02,Instrumentos financeiros derivativos,84984.0
2023-03-31,T1,1.01.08.03.03,Outros ativos,200979.0
2023-03-31,T1,1.01.08.03.04,Conta de ressarcimento,20842.0
2023-03-31,T1,1.02,Ativo Não Circulante,14987972.0
2023-03-31,T1,1.02.01,Ativo Realizável a Longo Prazo,541945.0
2023-03-31,T1,1.02.01.01,Aplicações Financeiras Avaliadas a Valor Justo através do Resultado,0.0
2023-03-31,T1,1.02.01.01.01,Títulos Designados a Valor Justo,0.0
2023-03-31,T1,1.02.01.02,Aplicações Financeiras Avaliadas a Valor Justo através de Outros Resultados Abrangentes,0.0
2023-03-31,T1,1.02.01.03,Aplicações Financeiras Avaliadas ao Custo Amortizado,0.0
2023-03-31,T1,1.02.01.04,Contas a Receber,0.0
2023-03-31,T1,1.02.01.04.01,Clientes,0.0
2023-03-31,T1,1.02.01.04.02,Outras Contas a Receber,0.0
2023-03-31,T1,1.02.01.05,Estoques,0.0
2023-03-31,T1,1.02.01.06,Ativos Biológicos,0.0
2023-03-31,T1,1.02.01.07,Tributos Diferidos,128569.0
2023-03-31,T1,1.02.01.07.01,Imposto de Renda e Contribuição Social Diferidos,0.0
2023-03-31,T1,1.02.01.08,Despesas Antecipadas,0.0
2023-03-31,T1,1.02.01.09,Créditos com Partes Relacionadas,0.0
2023-03-31,T1,1.02.01.09.01,Créditos com Coligadas,0.0
2023-03-31,T1,1.02.01.09.03,Créditos com Controladores,0.0
2023-03-31,T1,1.02.01.09.04,Créditos com Outras Partes Relacionadas,0.0
2023-03-31,T1,1.02.01.10,Outros Ativos Não Circulantes,413376.0
2023-03-31,T1,1.02.01.10.01,Ativos Não-Correntes a Venda,0.0
2023-03-31,T1,1.02.01.10.02,Ativos de Operações Descontinuadas,0.0
2023-03-31,T1,1.02.01.10.03,Cauções e Depósitos Vinculados,342553.0
2023-03-31,T1,1.02.01.10.05,Conta de ressarcimento,4736.0
2023-03-31,T1,1.02.01.10.06,Outros ativos,46389.0
2023-03-31,T1,1.02.01.10.07,Instrumentos financeiros derivativos,19698.0
2023-03-31,T1,1.02.02,Investimentos,108301.0
2023-03-31,T1,1.02.02.01,Participações Societárias,108301.0
2023-03-31,T1,1.02.02.01.01,Participações em Coligadas,0.0
2023-03-31,T1,1.02.02.01.04,Participações em Controladas em Conjunto,0.0
2023-03-31,T1,1.02.02.01.05,Outros Investimentos,0.0
2023-03-31,T1,1.02.02.02,Propriedades para Investimento,0.0
2023-03-31,T1,1.02.03,Imobilizado,12006798.0
2023-03-31,T1,1.02.03.01,Imobilizado em Operação,7725903.0
2023-03-31,T1,1.02.03.01.01,Imobilizado em Serviço,7723804.0
2023-03-31,T1,1.02.03.01.02,Imóveis Destinados a Uso Futuro,2099.0
2023-03-31,T1,1.02.03.02,Direito de Uso em Arrendamento,153038.0
2023-03-31,T1,1.02.03.02.01,Direito de Uso de Terreno Arrendado,145000.0
2023-03-31,T1,1.02.03.02.02,Direito de uso de sede administrativa,8038.0
2023-03-31,T1,1.02.03.03,Imobilizado em Andamento,4127857.0
2023-03-31,T1,1.02.04,Intangível,2330928.0
2023-03-31,T1,1.02.04.01,Intangíveis,2330928.0
2023-03-31,T1,1.02.04.01.01,Contrato de Concessão,0.0
2023-03-31,T1,1.02.04.01.02,Uso do Bem Público,19509.0
2023-03-31,T1,1.02.04.01.03,Intangível Gerado na Aquisição de Investimentos,1406286.0
2023-03-31,T1,1.02.04.01.04,Extensão de concessão,792655.0
2023-03-31,T1,1.02.04.01.05,Software e Outros Intangíveis,112478.0
2023-03-31,T1,1.02.04.02,Goodwill,0.0
2023-06-30,T2,1,Ativo Total,19943387.0
2023-06-30,T2,1.01,Ativo Circulante,4316117.0
2023-06-30,T2,1.01.01,Caixa e Equivalentes de Caixa,59084.0
2023-06-30,T2,1.01.02,Aplicações Financeiras,3232875.0
2023-06-30,T2,1.01.02.01,Aplicações Financeiras Avaliadas a Valor Justo através do Resultado,3232875.0
2023-06-30,T2,1.01.02.01.01,Títulos para Negociação,0.0
2023-06-30,T2,1.01.02.01.02,Títulos Designados a Valor Justo,0.0
2023-06-30,T2,1.01.02.02,Aplicações Financeiras Avaliadas a Valor Justo através de Outros Resultados Abrangentes,0.0
2023-06-30,T2,1.01.02.03,Aplicações Financeiras Avaliadas ao Custo Amortizado,0.0
2023-06-30,T2,1.01.03,Contas a Receber,347626.0
2023-06-30,T2,1.01.03.01,Clientes,347626.0
2023-06-30,T2,1.01.03.01.01,Contas a receber de clientes,347626.0
2023-06-30,T2,1.01.03.02,Outras Contas a Receber,0.0
2023-06-30,T2,1.01.03.02.01,Contas a receber sobre venda de controlada,0.0
2023-06-30,T2,1.01.04,Estoques,0.0
2023-06-30,T2,1.01.04.01,Almoxarifado,0.0
2023-06-30,T2,1.01.05,Ativos Biológicos,0.0
2023-06-30,T2,1.01.06,Tributos a Recuperar,174367.0
2023-06-30,T2,1.01.06.01,Tributos Correntes a Recuperar,174367.0
2023-06-30,T2,1.01.06.01.01,Imposto de renda e contribuição social a recuperar,169398.0
2023-06-30,T2,1.01.06.01.02,Outros tributos a recuperar,4969.0
2023-06-30,T2,1.01.07,Despesas Antecipadas,0.0
2023-06-30,T2,1.01.08,Outros Ativos Circulantes,502165.0
2023-06-30,T2,1.01.08.01,Ativos Não-Correntes a Venda,0.0
2023-06-30,T2,1.01.08.02,Ativos de Operações Descontinuadas,0.0
2023-06-30,T2,1.01.08.03,Outros,502165.0
2023-06-30,T2,1.01.08.03.01,Cauções e Depósitos Vinculados,234149.0
2023-06-30,T2,1.01.08.03.02,Instrumentos financeiros derivativos,76616.0
2023-06-30,T2,1.01.08.03.03,Outros ativos,184853.0
2023-06-30,T2,1.01.08.03.04,Conta de ressarcimento,6547.0
2023-06-30,T2,1.02,Ativo Não Circulante,15627270.0
2023-06-30,T2,1.02.01,Ativo Realizável a Longo Prazo,629824.0
2023-06-30,T2,1.02.01.01,Aplicações Financeiras Avaliadas a Valor Justo através do Resultado,0.0
2023-06-30,T2,1.02.01.01.01,Títulos Designados a Valor Justo,0.0
2023-06-30,T2,1.02.01.02,Aplicações Financeiras Avaliadas a Valor Justo através de Outros Resultados Abrangentes,0.0
2023-06-30,T2,1.02.01.03,Aplicações Financeiras Avaliadas ao Custo Amortizado,0.0
2023-06-30,T2,1.02.01.04,Contas a Receber,0.0
2023-06-30,T2,1.02.01.04.01,Clientes,0.0
2023-06-30,T2,1.02.01.04.02,Outras Contas a Receber,0.0
2023-06-30,T2,1.02.01.05,Estoques,0.0
2023-06-30,T2,1.02.01.06,Ativos Biológicos,0.0
2023-06-30,T2,1.02.01.07,Tributos Diferidos,144544.0
2023-06-30,T2,1.02.01.07.01,Imposto de Renda e Contribuição Social Diferidos,0.0
2023-06-30,T2,1.02.01.08,Despesas Antecipadas,0.0
2023-06-30,T2,1.02.01.09,Créditos com Partes Relacionadas,0.0
2023-06-30,T2,1.02.01.09.01,Créditos com Coligadas,0.0
2023-06-30,T2,1.02.01.09.03,Créditos com Controladores,0.0
2023-06-30,T2,1.02.01.09.04,Créditos com Outras Partes Relacionadas,0.0
2023-06-30,T2,1.02.01.10,Outros Ativos Não Circulantes,485280.0
2023-06-30,T2,1.02.01.10.01,Ativos Não-Correntes a Venda,0.0
2023-06-30,T2,1.02.01.10.02,Ativos de Operações Descontinuadas,0.0
2023-06-30,T2,1.02.01.10.03,Cauções e Depósitos Vinculados,406379.0
2023-06-30,T2,1.02.01.10.05,Conta de ressarcimento,1933.0
2023-06-30,T2,1.02.01.10.06,Outros ativos,46742.0
2023-06-30,T2,1.02.01.10.07,Instrumentos financeiros derivativos,30226.0
2023-06-30,T2,1.02.02,Investimentos,103498.0
2023-06-30,T2,1.02.02.01,Participações Societárias,103498.0
2023-06-30,T2,1.02.02.01.01,Participações em Coligadas,0.0
2023-06-30,T2,1.02.02.01.04,Participações em Controladas em Conjunto,0.0
2023-06-30,T2,1.02.02.01.05,Outros Investimentos,0.0
2023-06-30,T2,1.02.02.02,Propriedades para Investimento,0.0
2023-06-30,T2,1.02.03,Imobilizado,12583570.0
2023-06-30,T2,1.02.03.01,Imobilizado em Operação,7976461.0
2023-06-30,T2,1.02.03.01.01,Imobilizado em Serviço,7975883.0
2023-06-30,T2,1.02.03.01.02,Imóveis Destinados a Uso Futuro,578.0
2023-06-30,T2,1.02.03.02,Direito de Uso em Arrendamento,165542.0
2023-06-30,T2,1.02.03.02.01,Direito de Uso de Terreno Arrendado,157579.0
2023-06-30,T2,1.02.03.02.02,Direito de uso de sede administrativa,7963.0
2023-06-30,T2,1.02.03.03,Imobilizado em Andamento,4441567.0
2023-06-30,T2,1.02.04,Intangível,2310378.0
2023-06-30,T2,1.02.04.01,Intangíveis,2310378.0
2023-06-30,T2,1.02.04.01.01,Contrato de Concessão,0.0
2023-06-30,T2,1.02.04.01.02,Uso do Bem Público,18986.0
2023-06-30,T2,1.02.04.01.03,Intangível Gerado na Aquisição de Investimentos,1398264.0
2023-06-30,T2,1.02.04.01.04,Extensão de concessão,771522.0
2023-06-30,T2,1.02.04.01.05,Software e Outros Intangíveis,121606.0
2023-06-30,T2,1.02.04.02,Goodwill,0.0
2023-09-30,T3,1,Ativo Total,19825638.0
2023-09-30,T3,1.01,Ativo Circulante,3337524.0
2023-09-30,T3,1.01.01,Caixa e Equivalentes de Caixa,23881.0
2023-09-30,T3,1.01.02,Aplicações Financeiras,2446962.0
2023-09-30,T3,1.01.02.01,Aplicações Financeiras Avaliadas a Valor Justo através do Resultado,2446962.0
2023-09-30,T3,1.01.02.01.01,Títulos para Negociação,0.0
2023-09-30,T3,1.01.02.01.02,Títulos Designados a Valor Justo,0.0
2023-09-30,T3,1.01.02.02,Aplicações Financeiras Avaliadas a Valor Justo através de Outros Resultados Abrangentes,0.0
2023-09-30,T3,1.01.02.03,Aplicações Financeiras Avaliadas ao Custo Amortizado,0.0
2023-09-30,T3,1.01.03,Contas a Receber,346294.0
2023-09-30,T3,1.01.03.01,Clientes,346294.0
2023-09-30,T3,1.01.03.01.01,Contas a receber de clientes,346294.0
2023-09-30,T3,1.01.03.02,Outras Contas a Receber,0.0
2023-09-30,T3,1.01.03.02.01,Contas a receber sobre venda de controlada,0.0
2023-09-30,T3,1.01.04,Estoques,0.0
2023-09-30,T3,1.01.04.01,Almoxarifado,0.0
2023-09-30,T3,1.01.05,Ativos Biológicos,0.0
2023-09-30,T3,1.01.06,Tributos a Recuperar,205703.0
2023-09-30,T3,1.01.06.01,Tributos Correntes a Recuperar,205703.0
2023-09-30,T3,1.01.06.01.01,Imposto de renda e contribuição social a recuperar,198985.0
2023-09-30,T3,1.01.06.01.02,Outros tributos a recuperar,6718.0
2023-09-30,T3,1.01.07,Despesas Antecipadas,0.0
2023-09-30,T3,1.01.08,Outros Ativos Circulantes,314684.0
2023-09-30,T3,1.01.08.01,Ativos Não-Correntes a Venda,0.0
2023-09-30,T3,1.01.08.02,Ativos de Operações Descontinuadas,0.0
2023-09-30,T3,1.01.08.03,Outros,314684.0
2023-09-30,T3,1.01.08.03.01,Cauções e Depósitos Vinculados,29718.0
2023-09-30,T3,1.01.08.03.02,Instrumentos financeiros derivativos,49240.0
2023-09-30,T3,1.01.08.03.03,Outros ativos,229081.0
2023-09-30,T3,1.01.08.03.04,Conta de ressarcimento,6645.0
2023-09-30,T3,1.02,Ativo Não Circulante,16488114.0
2023-09-30,T3,1.02.01,Ativo Realizável a Longo Prazo,847575.0
2023-09-30,T3,1.02.01.01,Aplicações Financeiras Avaliadas a Valor Justo através do Resultado,0.0
2023-09-30,T3,1.02.01.01.01,Títulos Designados a Valor Justo,0.0
2023-09-30,T3,1.02.01.02,Aplicações Financeiras Avaliadas a Valor Justo através de Outros Resultados Abrangentes,0.0
2023-09-30,T3,1.02.01.03,Aplicações Financeiras Avaliadas ao Custo Amortizado,0.0
2023-09-30,T3,1.02.01.04,Contas a Receber,0.0
2023-09-30,T3,1.02.01.04.01,Clientes,0.0
2023-09-30,T3,1.02.01.04.02,Outras Contas a Receber,0.0
2023-09-30,T3,1.02.01.05,Estoques,0.0
2023-09-30,T3,1.02.01.06,Ativos Biológicos,0.0
2023-09-30,T3,1.02.01.07,Tributos Diferidos,147791.0
2023-09-30,T3,1.02.01.07.01,Imposto de Renda e Contribuição Social Diferidos,0.0
2023-09-30,T3,1.02.01.08,Despesas Antecipadas,0.0
2023-09-30,T3,1.02.01.09,Créditos com Partes Relacionadas,0.0
2023-09-30,T3,1.02.01.09.01,Créditos com Coligadas,0.0
2023-09-30,T3,1.02.01.09.03,Créditos com Controladores,0.0
2023-09-30,T3,1.02.01.09.04,Créditos com Outras Partes Relacionadas,0.0
2023-09-30,T3,1.02.01.10,Outros Ativos Não Circulantes,699784.0
2023-09-30,T3,1.02.01.10.01,Ativos Não-Correntes a Venda,0.0
2023-09-30,T3,1.02.01.10.02,Ativos de Operações Descontinuadas,0.0
2023-09-30,T3,1.02.01.10.03,Cauções e Depósitos Vinculados,624637.0
2023-09-30,T3,1.02.01.10.05,Conta de ressarcimento,1105.0
2023-09-30,T3,1.02.01.10.06,Outros ativos,44439.0
2023-09-30,T3,1.02.01.10.07,Instrumentos financeiros derivativos,29603.0
2023-09-30,T3,1.02.02,Investimentos,104534.0
2023-09-30,T3,1.02.02.01,Participações Societárias,104534.0
2023-09-30,T3,1.02.02.01.01,Participações em Coligadas,0.0
2023-09-30,T3,1.02.02.01.04,Participações em Controladas em Conjunto,0.0
2023-09-30,T3,1.02.02.01.05,Outros Investimentos,0.0
2023-09-30,T3,1.02.02.02,Propriedades para Investimento,0.0
2023-09-30,T3,1.02.03,Imobilizado,13257791.0
2023-09-30,T3,1.02.03.01,Imobilizado em Operação,9767031.0
2023-09-30,T3,1.02.03.01.01,Imobilizado em Serviço,9766453.0
2023-09-30,T3,1.02.03.01.02,Imóveis Destinados a Uso Futuro,578.0
2023-09-30,T3,1.02.03.02,Direito de Uso em Arrendamento,162868.0
2023-09-30,T3,1.02.03.02.01,Direito de Uso de Terreno Arrendado,155532.0
2023-09-30,T3,1.02.03.02.02,Direito de uso de sede administrativa,7336.0
2023-09-30,T3,1.02.03.03,Imobilizado em Andamento,3327892.0
2023-09-30,T3,1.02.04,Intangível,2278214.0
2023-09-30,T3,1.02.04.01,Intangíveis,2278214.0
2023-09-30,T3,1.02.04.01.01,Contrato de Concessão,0.0
2023-09-30,T3,1.02.04.01.02,Uso do Bem Público,18463.0
2023-09-30,T3,1.02.04.01.03,Intangível Gerado na Aquisição de Investimentos,1383007.0
2023-09-30,T3,1.02.04.01.04,Extensão de concessão,750389.0
2023-09-30,T3,1.02.04.01.05,Software e Outros Intangíveis,126355.0
2023-09-30,T3,1.02.04.02,Goodwill,0.0
2024-03-31,T1,1,Ativo Total,19543800.0
2024-03-31,T1,1.01,Ativo Circulante,2698932.0
2024-03-31,T1,1.01.01,Caixa e Equivalentes de Caixa,119293.0
2024-03-31,T1,1.01.02,Aplicações Financeiras,1681114.0
2024-03-31,T1,1.01.02.01,Aplicações Financeiras Avaliadas a Valor Justo através do Resultado,1681114.0
2024-03-31,T1,1.01.02.01.01,Títulos para Negociação,0.0
2024-03-31,T1,1.01.02.01.02,Títulos Designados a Valor Justo,0.0
2024-03-31,T1,1.01.02.02,Aplicações Financeiras Avaliadas a Valor Justo através de Outros Resultados Abrangentes,0.0
2024-03-31,T1,1.01.02.03,Aplicações Financeiras Avaliadas ao Custo Amortizado,0.0
2024-03-31,T1,1.01.03,Contas a Receber,369355.0
2024-03-31,T1,1.01.03.01,Clientes,369355.0
2024-03-31,T1,1.01.03.01.01,Contas a receber de clientes,369355.0
2024-03-31,T1,1.01.03.02,Outras Contas a Receber,0.0
2024-03-31,T1,1.01.03.02.01,Contas a receber sobre venda de controlada,0.0
2024-03-31,T1,1.01.04,Estoques,0.0
2024-03-31,T1,1.01.04.01,Almoxarifado,0.0
2024-03-31,T1,1.01.05,Ativos Biológicos,0.0
2024-03-31,T1,1.01.06,Tributos a Recuperar,128030.0
2024-03-31,T1,1.01.06.01,Tributos Correntes a Recuperar,128030.0
2024-03-31,T1,1.01.06.01.01,Imposto de renda e contribuição social a recuperar,122174.0
2024-03-31,T1,1.01.06.01.02,Outros tributos a recuperar,5856.0
2024-03-31,T1,1.01.07,Despesas Antecipadas,0.0
2024-03-31,T1,1.01.08,Outros Ativos Circulantes,401140.0
2024-03-31,T1,1.01.08.01,Ativos Não-Correntes a Venda,0.0
2024-03-31,T1,1.01.08.02,Ativos de Operações Descontinuadas,0.0
2024-03-31,T1,1.01.08.03,Outros,401140.0
2024-03-31,T1,1.01.08.03.01,Cauções e Depósitos Vinculados,26941.0
2024-03-31,T1,1.01.08.03.02,Instrumentos financeiros derivativos,178002.0
2024-03-31,T1,1.01.08.03.03,Outros ativos,177716.0
2024-03-31,T1,1.01.08.03.04,Conta de ressarcimento,18481.0
2024-03-31,T1,1.02,Ativo Não Circulante,16844868.0
2024-03-31,T1,1.02.01,Ativo Realizável a Longo Prazo,1006609.0
2024-03-31,T1,1.02.01.01,Aplicações Financeiras Avaliadas a Valor Justo através do Resultado,0.0
2024-03-31,T1,1.02.01.01.01,Títulos Designados a Valor Justo,0.0
2024-03-31,T1,1.02.01.02,Aplicações Financeiras Avaliadas a Valor Justo através de Outros Resultados Abrangentes,0.0
2024-03-31,T1,1.02.01.03,Aplicações Financeiras Avaliadas ao Custo Amortizado,0.0
2024-03-31,T1,1.02.01.04,Contas a Receber,0.0
2024-03-31,T1,1.02.01.04.01,Clientes,0.0
2024-03-31,T1,1.02.01.04.02,Outras Contas a Receber,0.0
2024-03-31,T1,1.02.01.05,Estoques,0.0
2024-03-31,T1,1.02.01.06,Ativos Biológicos,0.0
2024-03-31,T1,1.02.01.07,Tributos Diferidos,145597.0
2024-03-31,T1,1.02.01.07.01,Imposto de Renda e Contribuição Social Diferidos,0.0
2024-03-31,T1,1.02.01.08,Despesas Antecipadas,0.0
2024-03-31,T1,1.02.01.09,Créditos com Partes Relacionadas,0.0
2024-03-31,T1,1.02.01.09.01,Créditos com Coligadas,0.0
2024-03-31,T1,1.02.01.09.03,Créditos com Controladores,0.0
2024-03-31,T1,1.02.01.09.04,Créditos com Outras Partes Relacionadas,0.0
2024-03-31,T1,1.02.01.10,Outros Ativos Não Circulantes,861012.0
2024-03-31,T1,1.02.01.10.01,Ativos Não-Correntes a Venda,0.0
2024-03-31,T1,1.02.01.10.02,Ativos de Operações Descontinuadas,0.0
2024-03-31,T1,1.02.01.10.03,Cauções e Depósitos Vinculados,612721.0
2024-03-31,T1,1.02.01.10.05,Conta de ressarcimento,8032.0
2024-03-31,T1,1.02.01.10.06,Outros ativos,36454.0
2024-03-31,T1,1.02.01.10.07,Instrumentos financeiros derivativos,97418.0
2024-03-31,T1,1.02.01.10.08,Imposto de renda e contribuição social a recuperar,106387.0
2024-03-31,T1,1.02.02,Investimentos,98846.0
2024-03-31,T1,1.02.02.01,Participações Societárias,98846.0
2024-03-31,T1,1.02.02.01.01,Participações em Coligadas,0.0
2024-03-31,T1,1.02.02.01.04,Participações em Controladas em Conjunto,0.0
2024-03-31,T1,1.02.02.01.05,Outros Investimentos,0.0
2024-03-31,T1,1.02.02.02,Propriedades para Investimento,0.0
2024-03-31,T1,1.02.03,Imobilizado,13771396.0
2024-03-31,T1,1.02.03.01,Imobilizado em Operação,11569829.0
2024-03-31,T1,1.02.03.01.01,Imobilizado em Serviço,11569251.0
2024-03-31,T1,1.02.03.01.02,Imóveis Destinados a Uso Futuro,578.0
2024-03-31,T1,1.02.03.02,Direito de Uso em Arrendamento,202731.0
2024-03-31,T1,1.02.03.02.01,Direito de Uso de Terreno Arrendado,197448.0
2024-03-31,T1,1.02.03.02.02,Direito de uso de sede administrativa,5283.0
2024-03-31,T1,1.02.03.03,Imobilizado em Andamento,1998836.0
2024-03-31,T1,1.02.04,Intangível,1968017.0
2024-03-31,T1,1.02.04.01,Intangíveis,1968017.0
2024-03-31,T1,1.02.04.01.01,Contrato de Concessão,0.0
2024-03-31,T1,1.02.04.01.02,Uso do Bem Público,17418.0
2024-03-31,T1,1.02.04.01.03,Intangível Gerado na Aquisição de Investimentos,1165719.0
2024-03-31,T1,1.02.04.01.04,Extensão de concessão,708122.0
2024-03-31,T1,1.02.04.01.05,Software e Outros Intangíveis,76758.0
2024-03-31,T1,1.02.04.02,Goodwill,0.0
2024-06-30,T2,1,Ativo Total,20299813.0
2024-06-30,T2,1.01,Ativo Circulante,3405914.0
2024-06-30,T2,1.01.01,Caixa e Equivalentes de Caixa,170666.0
2024-06-30,T2,1.01.02,Aplicações Financeiras,2003553.0
2024-06-30,T2,1.01.02.01,Aplicações Financeiras Avaliadas a Valor Justo através do Resultado,2003553.0
2024-06-30,T2,1.01.02.01.01,Títulos para Negociação,0.0
2024-06-30,T2,1.01.02.01.02,Títulos Designados a Valor Justo,0.0
2024-06-30,T2,1.01.02.02,Aplicações Financeiras Avaliadas a Valor Justo através de Outros Resultados Abrangentes,0.0
2024-06-30,T2,1.01.02.03,Aplicações Financeiras Avaliadas ao Custo Amortizado,0.0
2024-06-30,T2,1.01.03,Contas a Receber,368550.0
2024-06-30,T2,1.01.03.01,Clientes,368550.0
2024-06-30,T2,1.01.03.01.01,Contas a receber de clientes,368550.0
2024-06-30,T2,1.01.03.02,Outras Contas a Receber,0.0
2024-06-30,T2,1.01.03.02.01,Contas a receber sobre venda de controlada,0.0
2024-06-30,T2,1.01.04,Estoques,0.0
2024-06-30,T2,1.01.04.01,Almoxarifado,0.0
2024-06-30,T2,1.01.05,Ativos Biológicos,0.0
2024-06-30,T2,1.01.06,Tributos a Recuperar,124093.0
2024-06-30,T2,1.01.06.01,Tributos Correntes a Recuperar,124093.0
2024-06-30,T2,1.01.06.01.01,Imposto de renda e contribuição social a recuperar,118099.0
2024-06-30,T2,1.01.06.01.02,Outros tributos a recuperar,5994.0
2024-06-30,T2,1.01.07,Despesas Antecipadas,0.0
2024-06-30,T2,1.01.08,Outros Ativos Circulantes,739052.0
2024-06-30,T2,1.01.08.01,Ativos Não-Correntes a Venda,0.0
2024-06-30,T2,1.01.08.02,Ativos de Operações Descontinuadas,0.0
2024-06-30,T2,1.01.08.03,Outros,739052.0
2024-06-30,T2,1.01.08.03.01,Cauções e Depósitos Vinculados,10886.0
2024-06-30,T2,1.01.08.03.02,Instrumentos financeiros derivativos,472532.0
2024-06-30,T2,1.01.08.03.03,Outros ativos,251629.0
2024-06-30,T2,1.01.08.03.04,Conta de ressarcimento,4005.0
2024-06-30,T2,1.02,Ativo Não Circulante,16893899.0
2024-06-30,T2,1.02.01,Ativo Realizável a Longo Prazo,1047558.0
2024-06-30,T2,1.02.01.01,Aplicações Financeiras Avaliadas a Valor Justo através do Resultado,0.0
2024-06-30,T2,1.02.01.01.01,Títulos Designados a Valor Justo,0.0
2024-06-30,T2,1.02.01.02,Aplicações Financeiras Avaliadas a Valor Justo através de Outros Resultados Abrangentes,0.0
2024-06-30,T2,1.02.01.03,Aplicações Financeiras Avaliadas ao Custo Amortizado,0.0
2024-06-30,T2,1.02.01.04,Contas a Receber,0.0
2024-06-30,T2,1.02.01.04.01,Clientes,0.0
2024-06-30,T2,1.02.01.04.02,Outras Contas a Receber,0.0
2024-06-30,T2,1.02.01.05,Estoques,0.0
2024-06-30,T2,1.02.01.06,Ativos Biológicos,0.0
2024-06-30,T2,1.02.01.07,Tributos Diferidos,174191.0
2024-06-30,T2,1.02.01.07.01,Imposto de Renda e Contribuição Social Diferidos,0.0
2024-06-30,T2,1.02.01.08,Despesas Antecipadas,0.0
2024-06-30,T2,1.02.01.09,Créditos com Partes Relacionadas,0.0
2024-06-30,T2,1.02.01.09.01,Créditos com Coligadas,0.0
2024-06-30,T2,1.02.01.09.03,Créditos com Controladores,0.0
2024-06-30,T2,1.02.01.09.04,Créditos com Outras Partes Relacionadas,0.0
2024-06-30,T2,1.02.01.10,Outros Ativos Não Circulantes,873367.0
2024-06-30,T2,1.02.01.10.01,Ativos Não-Correntes a Venda,0.0
2024-06-30,T2,1.02.01.10.02,Ativos de Operações Descontinuadas,0.0
2024-06-30,T2,1.02.01.10.03,Cauções e Depósitos Vinculados,577982.0
2024-06-30,T2,1.02.01.10.05,Conta de ressarcimento,2152.0
2024-06-30,T2,1.02.01.10.06,Outros ativos,37676.0
2024-06-30,T2,1.02.01.10.07,Instrumentos financeiros derivativos,146662.0
2024-06-30,T2,1.02.01.10.08,Imposto de renda e contribuição social a recuperar,108895.0
2024-06-30,T2,1.02.02,Investimentos,93745.0
2024-06-30,T2,1.02.02.01,Participações Societárias,93745.0
2024-06-30,T2,1.02.02.01.01,Participações em Coligadas,0.0
2024-06-30,T2,1.02.02.01.04,Participações em Controladas em Conjunto,0.0
2024-06-30,T2,1.02.02.01.05,Outros Investimentos,0.0
2024-06-30,T2,1.02.02.02,Propriedades para Investimento,0.0
2024-06-30,T2,1.02.03,Imobilizado,13813278.0
2024-06-30,T2,1.02.03.01,Imobilizado em Operação,11798370.0
2024-06-30,T2,1.02.03.01.01,Imobilizado em Serviço,11797792.0
2024-06-30,T2,1.02.03.01.02,Imóveis Destinados a Uso Futuro,578.0
2024-06-30,T2,1.02.03.02,Direito de Uso em Arrendamento,200328.0
2024-06-30,T2,1.02.03.02.01,Direito de Uso de Terreno Arrendado,195277.0
2024-06-30,T2,1.02.03.02.02,Direito de uso de sede administrativa,5051.0
2024-06-30,T2,1.02.03.03,Imobilizado em Andamento,1814580.0
2024-06-30,T2,1.02.04,Intangível,1939318.0
2024-06-30,T2,1.02.04.01,Intangíveis,1939318.0
2024-06-30,T2,1.02.04.01.01,Contrato de Concessão,0.0
2024-06-30,T2,1.02.04.01.02,Uso do Bem Público,16896.0
2024-06-30,T2,1.02.04.01.03,Intangível Gerado na Aquisição de Investimentos,1160320.0
2024-06-30,T2,1.02.04.01.04,Extensão de concessão,686988.0
2024-06-30,T2,1.02.04.01.05,Software e Outros Intangíveis,75114.0
2024-06-30,T2,1.02.04.02,Goodwill,0.0
2024-09-30,T3,1,Ativo Total,20947984.0
2024-09-30,T3,1.01,Ativo Circulante,3977317.0
2024-09-30,T3,1.01.01,Caixa e Equivalentes de Caixa,516947.0
2024-09-30,T3,1.01.02,Aplicações Financeiras,1592260.0
2024-09-30,T3,1.01.02.01,Aplicações Financeiras Avaliadas a Valor Justo através do Resultado,1592260.0
2024-09-30,T3,1.01.02.01.01,Títulos para Negociação,0.0
2024-09-30,T3,1.01.02.01.02,Títulos Designados a Valor Justo,0.0
2024-09-30,T3,1.01.02.02,Aplicações Financeiras Avaliadas a Valor Justo através de Outros Resultados Abrangentes,0.0
2024-09-30,T3,1.01.02.03,Aplicações Financeiras Avaliadas ao Custo Amortizado,0.0
2024-09-30,T3,1.01.03,Contas a Receber,470629.0
2024-09-30,T3,1.01.03.01,Clientes,470629.0
2024-09-30,T3,1.01.03.01.01,Contas a receber de clientes,470629.0
2024-09-30,T3,1.01.03.02,Outras Contas a Receber,0.0
2024-09-30,T3,1.01.03.02.01,Contas a receber sobre venda de controlada,0.0
2024-09-30,T3,1.01.04,Estoques,0.0
2024-09-30,T3,1.01.04.01,Almoxarifado,0.0
2024-09-30,T3,1.01.05,Ativos Biológicos,0.0
2024-09-30,T3,1.01.06,Tributos a Recuperar,128264.0
2024-09-30,T3,1.01.06.01,Tributos Correntes a Recuperar,128264.0
2024-09-30,T3,1.01.06.01.01,Imposto de renda e contribuição social a recuperar,125307.0
2024-09-30,T3,1.01.06.01.02,Outros tributos a recuperar,2957.0
2024-09-30,T3,1.01.07,Despesas Antecipadas,0.0
2024-09-30,T3,1.01.08,Outros Ativos Circulantes,1269217.0
2024-09-30,T3,1.01.08.01,Ativos Não-Correntes a Venda,0.0
2024-09-30,T3,1.01.08.02,Ativos de Operações Descontinuadas,0.0
2024-09-30,T3,1.01.08.03,Outros,1269217.0
2024-09-30,T3,1.01.08.03.01,Cauções e Depósitos Vinculados,14626.0
2024-09-30,T3,1.01.08.03.02,Instrumentos financeiros derivativos,1061435.0
2024-09-30,T3,1.01.08.03.03,Outros ativos,176507.0
2024-09-30,T3,1.01.08.03.04,Conta de ressarcimento,2929.0
2024-09-30,T3,1.01.08.03.05,Dividendos a receber,13720.0
2024-09-30,T3,1.02,Ativo Não Circulante,16970667.0
2024-09-30,T3,1.02.01,Ativo Realizável a Longo Prazo,1170082.0
2024-09-30,T3,1.02.01.01,Aplicações Financeiras Avaliadas a Valor Justo através do Resultado,0.0
2024-09-30,T3,1.02.01.01.01,Títulos Designados a Valor Justo,0.0
2024-09-30,T3,1.02.01.02,Aplicações Financeiras Avaliadas a Valor Justo através de Outros Resultados Abrangentes,0.0
2024-09-30,T3,1.02.01.03,Aplicações Financeiras Avaliadas ao Custo Amortizado,0.0
2024-09-30,T3,1.02.01.04,Contas a Receber,0.0
2024-09-30,T3,1.02.01.04.01,Clientes,0.0
2024-09-30,T3,1.02.01.04.02,Outras Contas a Receber,0.0
2024-09-30,T3,1.02.01.05,Estoques,0.0
2024-09-30,T3,1.02.01.06,Ativos Biológicos,0.0
2024-09-30,T3,1.02.01.07,Tributos Diferidos,172107.0
2024-09-30,T3,1.02.01.07.01,Imposto de Renda e Contribuição Social Diferidos,0.0
2024-09-30,T3,1.02.01.08,Despesas Antecipadas,0.0
2024-09-30,T3,1.02.01.09,Créditos com Partes Relacionadas,0.0
2024-09-30,T3,1.02.01.09.01,Créditos com Coligadas,0.0
2024-09-30,T3,1.02.01.09.03,Créditos com Controladores,0.0
2024-09-30,T3,1.02.01.09.04,Créditos com Outras Partes Relacionadas,0.0
2024-09-30,T3,1.02.01.10,Outros Ativos Não Circulantes,997975.0
2024-09-30,T3,1.02.01.10.01,Ativos Não-Correntes a Venda,0.0
2024-09-30,T3,1.02.01.10.02,Ativos de Operações Descontinuadas,0.0
2024-09-30,T3,1.02.01.10.03,Cauções e Depósitos Vinculados,644079.0
2024-09-30,T3,1.02.01.10.05,Conta de ressarcimento,2004.0
2024-09-30,T3,1.02.01.10.06,Outros ativos,35086.0
2024-09-30,T3,1.02.01.10.07,Instrumentos financeiros derivativos,213213.0
2024-09-30,T3,1.02.01.10.08,Imposto de renda e contribuição social a recuperar,103593.0
2024-09-30,T3,1.02.02,Investimentos,92833.0
2024-09-30,T3,1.02.02.01,Participações Societárias,92833.0
2024-09-30,T3,1.02.02.01.01,Participações em Coligadas,0.0
2024-09-30,T3,1.02.02.01.04,Participações em Controladas em Conjunto,0.0
2024-09-30,T3,1.02.02.01.05,Outros Investimentos,0.0
2024-09-30,T3,1.02.02.02,Propriedades para Investimento,0.0
2024-09-30,T3,1.02.03,Imobilizado,13807562.0
2024-09-30,T3,1.02.03.01,Imobilizado em Operação,12172741.0
2024-09-30,T3,1.02.03.01.01,Imobilizado em Serviço,12172163.0
2024-09-30,T3,1.02.03.01.02,Imóveis Destinados a Uso Futuro,578.0
2024-09-30,T3,1.02.03.02,Direito de Uso em Arrendamento,198268.0
2024-09-30,T3,1.02.03.02.01,Direito de Uso de Terreno Arrendado,193845.0
2024-09-30,T3,1.02.03.02.02,Direito de uso de sede administrativa,4423.0
2024-09-30,T3,1.02.03.03,Imobilizado em Andamento,1436553.0
2024-09-30,T3,1.02.04,Intangível,1900190.0
2024-09-30,T3,1.02.04.01,Intangíveis,1900190.0
2024-09-30,T3,1.02.04.01.01,Contrato de Concessão,0.0
2024-09-30,T3,1.02.04.01.02,Uso do Bem Público,16373.0
2024-09-30,T3,1.02.04.01.03,Intangível Gerado na Aquisição de Investimentos,1145993.0
2024-09-30,T3,1.02.04.01.04,Extensão de concessão,665855.0
2024-09-30,T3,1.02.04.01.05,Software e Outros Intangíveis,71969.0
2024-09-30,T3,1.02.04.02,Goodwill,0.0
2025-03-31,T1,1,Ativo Total,18930314.0
2025-03-31,T1,1.01,Ativo Circulante,2150969.0
2025-03-31,T1,1.01.01,Caixa e Equivalentes de Caixa,1327828.0
2025-03-31,T1,1.01.02,Aplicações Financeiras,0.0
2025-03-31,T1,1.01.02.01,Aplicações Financeiras Avaliadas a Valor Justo através do Resultado,0.0
2025-03-31,T1,1.01.02.01.01,Títulos para Negociação,0.0
2025-03-31,T1,1.01.02.01.02,Títulos Designados a Valor Justo,0.0
2025-03-31,T1,1.01.02.02,Aplicações Financeiras Avaliadas a Valor Justo através de Outros Resultados Abrangentes,0.0
2025-03-31,T1,1.01.02.03,Aplicações Financeiras Avaliadas ao Custo Amortizado,0.0
2025-03-31,T1,1.01.03,Contas a Receber,454651.0
2025-03-31,T1,1.01.03.01,Clientes,454651.0
2025-03-31,T1,1.01.03.01.01,Contas a receber de clientes,454651.0
2025-03-31,T1,1.01.03.02,Outras Contas a Receber,0.0
2025-03-31,T1,1.01.03.02.01,Contas a receber sobre venda de controlada,0.0
2025-03-31,T1,1.01.04,Estoques,0.0
2025-03-31,T1,1.01.04.01,Almoxarifado,0.0
2025-03-31,T1,1.01.05,Ativos Biológicos,0.0
2025-03-31,T1,1.01.06,Tributos a Recuperar,92419.0
2025-03-31,T1,1.01.06.01,Tributos Correntes a Recuperar,92419.0
2025-03-31,T1,1.01.06.01.01,Tributos a Recuperar,92419.0
2025-03-31,T1,1.01.06.01.02,Outros tributos a recuperar,0.0
2025-03-31,T1,1.01.07,Despesas Antecipadas,32995.0
2025-03-31,T1,1.01.08,Outros Ativos Circulantes,243076.0
2025-03-31,T1,1.01.08.01,Ativos Não-Correntes a Venda,0.0
2025-03-31,T1,1.01.08.02,Ativos de Operações Descontinuadas,0.0
2025-03-31,T1,1.01.08.03,Outros,243076.0
2025-03-31,T1,1.01.08.03.01,Cauções e Depósitos Vinculados,4403.0
2025-03-31,T1,1.01.08.03.02,Instrumentos financeiros derivativos,20161.0
2025-03-31,T1,1.01.08.03.03,Outros ativos,205776.0
2025-03-31,T1,1.01.08.03.04,Conta de ressarcimento,2797.0
2025-03-31,T1,1.01.08.03.05,Dividendos a receber,0.0
2025-03-31,T1,1.01.08.03.06,Fundo de liquidez - Conta reserva,9939.0
2025-03-31,T1,1.01.08.03.07,Contratos futuros de energia,0.0
2025-03-31,T1,1.02,Ativo Não Circulante,16779345.0
2025-03-31,T1,1.02.01,Ativo Realizável a Longo Prazo,1073877.0
2025-03-31,T1,1.02.01.01,Aplicações Financeiras Avaliadas a Valor Justo através do Resultado,0.0
2025-03-31,T1,1.02.01.01.01,Títulos Designados a Valor Justo,0.0
2025-03-31,T1,1.02.01.02,Aplicações Financeiras Avaliadas a Valor Justo através de Outros Resultados Abrangentes,0.0
2025-03-31,T1,1.02.01.03,Aplicações Financeiras Avaliadas ao Custo Amortizado,0.0
2025-03-31,T1,1.02.01.04,Contas a Receber,0.0
2025-03-31,T1,1.02.01.04.01,Clientes,0.0
2025-03-31,T1,1.02.01.04.02,Outras Contas a Receber,0.0
2025-03-31,T1,1.02.01.05,Estoques,0.0
2025-03-31,T1,1.02.01.06,Ativos Biológicos,0.0
2025-03-31,T1,1.02.01.07,Tributos Diferidos,144175.0
2025-03-31,T1,1.02.01.07.01,Imposto de Renda e Contribuição Social Diferidos,0.0
2025-03-31,T1,1.02.01.08,Despesas Antecipadas,0.0
2025-03-31,T1,1.02.01.09,Créditos com Partes Relacionadas,4203.0
2025-03-31,T1,1.02.01.09.01,Créditos com Coligadas,4203.0
2025-03-31,T1,1.02.01.09.03,Créditos com Controladores,0.0
2025-03-31,T1,1.02.01.09.04,Créditos com Outras Partes Relacionadas,0.0
2025-03-31,T1,1.02.01.10,Outros Ativos Não Circulantes,925499.0
2025-03-31,T1,1.02.01.10.01,Ativos Não-Correntes a Venda,0.0
2025-03-31,T1,1.02.01.10.02,Ativos de Operações Descontinuadas,0.0
2025-03-31,T1,1.02.01.10.03,Cauções e Depósitos Vinculados,7121.0
2025-03-31,T1,1.02.01.10.05,Conta de ressarcimento,2619.0
2025-03-31,T1,1.02.01.10.06,Outros ativos,23238.0
2025-03-31,T1,1.02.01.10.07,Instrumentos financeiros derivativos,0.0
2025-03-31,T1,1.02.01.10.08,Tributos a recuperar,113643.0
2025-03-31,T1,1.02.01.10.09,Fundo de liquidez - Conta reserva,778878.0
2025-03-31,T1,1.02.01.10.10,Contratos futuros de energia,0.0
2025-03-31,T1,1.02.02,Investimentos,103227.0
2025-03-31,T1,1.02.02.01,Participações Societárias,103227.0
2025-03-31,T1,1.02.02.01.01,Participações em Coligadas,0.0
2025-03-31,T1,1.02.02.01.04,Participações em Controladas em Conjunto,0.0
2025-03-31,T1,1.02.02.01.05,Outros Investimentos,0.0
2025-03-31,T1,1.02.02.02,Propriedades para Investimento,0.0
2025-03-31,T1,1.02.03,Imobilizado,13797989.0
2025-03-31,T1,1.02.03.01,Imobilizado em Operação,13126343.0
2025-03-31,T1,1.02.03.01.01,Imobilizado em Serviço,13126343.0
2025-03-31,T1,1.02.03.01.02,Imóveis Destinados a Uso Futuro,0.0
2025-03-31,T1,1.02.03.02,Direito de Uso em Arrendamento,83896.0
2025-03-31,T1,1.02.03.02.01,Direito de Uso de Terreno Arrendado,83896.0
2025-03-31,T1,1.02.03.02.02,Direito de uso de sede administrativa,0.0
2025-03-31,T1,1.02.03.03,Imobilizado em Andamento,587750.0
2025-03-31,T1,1.02.04,Intangível,1804252.0
2025-03-31,T1,1.02.04.01,Intangíveis,1804252.0
2025-03-31,T1,1.02.04.01.01,Contrato de Concessão,0.0
2025-03-31,T1,1.02.04.01.02,Uso do Bem Público,15328.0
2025-03-31,T1,1.02.04.01.03,Intangível gerado de combinação de negócios,673222.0
2025-03-31,T1,1.02.04.01.04,Extensão de concessão,0.0
2025-03-31,T1,1.02.04.01.05,Software e Outros Intangíveis,48343.0
2025-03-31,T1,1.02.04.01.06,Power Purchase Agreement,406561.0
2025-03-31,T1,1.02.04.01.07,Repactuação risco hidrológico,623590.0
2025-03-31,T1,1.02.04.01.08,Direitos e projetos em desenvolvimento,37208.0
2025-03-31,T1,1.02.04.02,Goodwill,0.0
2025-06-30,T2,1,Ativo Total,19096740.0
2025-06-30,T2,1.01,Ativo Circulante,2440255.0
2025-06-30,T2,1.01.01,Caixa e Equivalentes de Caixa,1711943.0
2025-06-30,T2,1.01.02,Aplicações Financeiras,0.0
2025-06-30,T2,1.01.02.01,Aplicações Financeiras Avaliadas a Valor Justo através do Resultado,0.0
2025-06-30,T2,1.01.02.01.01,Títulos para Negociação,0.0
2025-06-30,T2,1.01.02.01.02,Títulos Designados a Valor Justo,0.0
2025-06-30,T2,1.01.02.02,Aplicações Financeiras Avaliadas a Valor Justo através de Outros Resultados Abrangentes,0.0
2025-06-30,T2,1.01.02.03,Aplicações Financeiras Avaliadas ao Custo Amortizado,0.0
2025-06-30,T2,1.01.03,Contas a Receber,404714.0
2025-06-30,T2,1.01.03.01,Clientes,404714.0
2025-06-30,T2,1.01.03.01.01,Contas a receber de clientes,0.0
2025-06-30,T2,1.01.03.02,Outras Contas a Receber,0.0
2025-06-30,T2,1.01.03.02.01,Contas a receber sobre venda de controlada,0.0
2025-06-30,T2,1.01.04,Estoques,0.0
2025-06-30,T2,1.01.04.01,Almoxarifado,0.0
2025-06-30,T2,1.01.05,Ativos Biológicos,0.0
2025-06-30,T2,1.01.06,Tributos a Recuperar,91671.0
2025-06-30,T2,1.01.06.01,Tributos Correntes a Recuperar,0.0
2025-06-30,T2,1.01.06.01.01,Imposto de renda e contribuição social a recuperar,0.0
2025-06-30,T2,1.01.06.01.02,Outros tributos a recuperar,0.0
2025-06-30,T2,1.01.07,Despesas Antecipadas,18851.0
2025-06-30,T2,1.01.08,Outros Ativos Circulantes,213076.0
2025-06-30,T2,1.01.08.01,Ativos Não-Correntes a Venda,0.0
2025-06-30,T2,1.01.08.02,Ativos de Operações Descontinuadas,0.0
2025-06-30,T2,1.01.08.03,Outros,213076.0
2025-06-30,T2,1.01.08.03.01,Fundo de liquidez - Conta reserva,23692.0
2025-06-30,T2,1.01.08.03.02,Partes relacionadas,0.0
2025-06-30,T2,1.01.08.03.03,Ordens de projetos - P&D,0.0
2025-06-30,T2,1.01.08.03.04,Contratos futuros de energia,0.0
2025-06-30,T2,1.01.08.03.05,Outros ativos,156362.0
2025-06-30,T2,1.01.08.03.06,Ativos indenizáveis pela União,0.0
2025-06-30,T2,1.01.08.03.07,Instrumentos financeiros derivativos,7751.0
2025-06-30,T2,1.01.08.03.08,Dividendos a receber,19323.0
2025-06-30,T2,1.01.08.03.09,Cauções e depósitos judiciais,4495.0
2025-06-30,T2,1.01.08.03.10,Ressarcimento,1453.0
2025-06-30,T2,1.02,Ativo Não Circulante,16656485.0
2025-06-30,T2,1.02.01,Ativo Realizável a Longo Prazo,1009297.0
2025-06-30,T2,1.02.01.01,Aplicações Financeiras Avaliadas a Valor Justo através do Resultado,0.0
2025-06-30,T2,1.02.01.01.01,Títulos Designados a Valor Justo,0.0
2025-06-30,T2,1.02.01.02,Aplicações Financeiras Avaliadas a Valor Justo através de Outros Resultados Abrangentes,0.0
2025-06-30,T2,1.02.01.03,Aplicações Financeiras Avaliadas ao Custo Amortizado,0.0
2025-06-30,T2,1.02.01.04,Contas a Receber,0.0
2025-06-30,T2,1.02.01.04.01,Clientes,0.0
2025-06-30,T2,1.02.01.04.02,Outras Contas a Receber,0.0
2025-06-30,T2,1.02.01.05,Estoques,0.0
2025-06-30,T2,1.02.01.06,Ativos Biológicos,0.0
2025-06-30,T2,1.02.01.07,Tributos Diferidos,129229.0
2025-06-30,T2,1.02.01.07.01,Imposto de Renda e Contribuição Social Diferidos,129229.0
2025-06-30,T2,1.02.01.08,Despesas Antecipadas,0.0
2025-06-30,T2,1.02.01.09,Créditos com Partes Relacionadas,3899.0
2025-06-30,T2,1.02.01.09.01,Créditos com Coligadas,0.0
2025-06-30,T2,1.02.01.09.03,Créditos com Controladores,0.0
2025-06-30,T2,1.02.01.09.04,Créditos com Outras Partes Relacionadas,0.0
2025-06-30,T2,1.02.01.10,Outros Ativos Não Circulantes,876169.0
2025-06-30,T2,1.02.01.10.01,Ativos Não-Correntes a Venda,0.0
2025-06-30,T2,1.02.01.10.02,Ativos de Operações Descontinuadas,0.0
2025-06-30,T2,1.02.01.10.03,Fundo de liquidez - Conta reserva,705486.0
2025-06-30,T2,1.02.01.10.04,Cauções e depósitos judiciais,11094.0
2025-06-30,T2,1.02.01.10.05,Outros ativos,18436.0
2025-06-30,T2,1.02.01.10.06,Contratos futuros de energia,0.0
2025-06-30,T2,1.02.01.10.07,Ativo sujeito à indenização,0.0
2025-06-30,T2,1.02.01.10.08,Ativos indenizáveis pela União,0.0
2025-06-30,T2,1.02.01.10.09,Tributos a recuperar,111554.0
2025-06-30,T2,1.02.01.10.10,Instrumentos financeiros derivativos,29599.0
2025-06-30,T2,1.02.01.10.11,Ressarcimento,0.0
2025-06-30,T2,1.02.02,Investimentos,84209.0
2025-06-30,T2,1.02.02.01,Participações Societárias,0.0
2025-06-30,T2,1.02.02.01.01,Participações em Coligadas,0.0
2025-06-30,T2,1.02.02.01.04,Participações em Controladas em Conjunto,0.0
2025-06-30,T2,1.02.02.01.05,Outros Investimentos,0.0
2025-06-30,T2,1.02.02.02,Propriedades para Investimento,0.0
2025-06-30,T2,1.02.03,Imobilizado,13779941.0
2025-06-30,T2,1.02.03.01,Imobilizado em Operação,13697443.0
2025-06-30,T2,1.02.03.01.01,Imobilizado em Serviço,0.0
2025-06-30,T2,1.02.03.01.02,Imóveis Destinados a Uso Futuro,0.0
2025-06-30,T2,1.02.03.02,Direito de Uso em Arrendamento,82498.0
2025-06-30,T2,1.02.03.02.01,Direito de Uso de Terreno Arrendado,0.0
2025-06-30,T2,1.02.03.02.02,Direito de uso de sede administrativa,0.0
2025-06-30,T2,1.02.03.03,Imobilizado em Andamento,0.0
2025-06-30,T2,1.02.04,Intangível,1783038.0
2025-06-30,T2,1.02.04.01,Intangíveis,0.0
2025-06-30,T2,1.02.04.01.01,Contrato de Concessão,0.0
2025-06-30,T2,1.02.04.01.02,Intangíveis,0.0
2025-06-30,T2,1.02.04.01.03,Intangível Gerado na Aquisição de Investimentos,0.0
2025-06-30,T2,1.02.04.01.04,Extensão de concessão,0.0
2025-06-30,T2,1.02.04.01.05,Software e Outros Intangíveis,0.0
2025-06-30,T2,1.02.04.02,Goodwill,0.0
2025-09-30,T3,1,Ativo Total,20032548.0
2025-09-30,T3,1.01,Ativo Circulante,3209167.0
2025-09-30,T3,1.01.01,Caixa e Equivalentes de Caixa,2084973.0
2025-09-30,T3,1.01.02,Aplicações Financeiras,278512.0
2025-09-30,T3,1.01.02.01,Aplicações Financeiras Avaliadas a Valor Justo através do Resultado,0.0
2025-09-30,T3,1.01.02.01.01,Títulos para Negociação,0.0
2025-09-30,T3,1.01.02.01.02,Títulos Designados a Valor Justo,0.0
2025-09-30,T3,1.01.02.02,Aplicações Financeiras Avaliadas a Valor Justo através de Outros Resultados Abrangentes,0.0
2025-09-30,T3,1.01.02.03,Aplicações Financeiras Avaliadas ao Custo Amortizado,0.0
2025-09-30,T3,1.01.03,Contas a Receber,534925.0
2025-09-30,T3,1.01.03.01,Clientes,534925.0
2025-09-30,T3,1.01.03.01.01,Contas a receber de clientes,0.0
2025-09-30,T3,1.01.03.02,Outras Contas a Receber,0.0
2025-09-30,T3,1.01.03.02.01,Contas a receber sobre venda de controlada,0.0
2025-09-30,T3,1.01.04,Estoques,0.0
2025-09-30,T3,1.01.04.01,Almoxarifado,0.0
2025-09-30,T3,1.01.05,Ativos Biológicos,0.0
2025-09-30,T3,1.01.06,Tributos a Recuperar,95333.0
2025-09-30,T3,1.01.06.01,Tributos Correntes a Recuperar,0.0
2025-09-30,T3,1.01.06.01.01,Imposto de renda e contribuição social a recuperar,0.0
2025-09-30,T3,1.01.06.01.02,Outros tributos a recuperar,0.0
2025-09-30,T3,1.01.07,Despesas Antecipadas,5994.0
2025-09-30,T3,1.01.08,Outros Ativos Circulantes,209430.0
2025-09-30,T3,1.01.08.01,Ativos Não-Correntes a Venda,0.0
2025-09-30,T3,1.01.08.02,Ativos de Operações Descontinuadas,0.0
2025-09-30,T3,1.01.08.03,Outros,209430.0
2025-09-30,T3,1.01.08.03.01,Fundo de liquidez - Conta reserva,36220.0
2025-09-30,T3,1.01.08.03.02,Partes relacionadas,1250.0
2025-09-30,T3,1.01.08.03.03,Ordens de projetos - P&D,0.0
2025-09-30,T3,1.01.08.03.04,Contratos futuros de energia,0.0
2025-09-30,T3,1.01.08.03.05,Outros ativos,143403.0
2025-09-30,T3,1.01.08.03.06,Ativos indenizáveis pela União,0.0
2025-09-30,T3,1.01.08.03.07,Instrumentos financeiros derivativos,5689.0
2025-09-30,T3,1.01.08.03.08,Dividendos a receber,19323.0
2025-09-30,T3,1.01.08.03.09,Cauções e depósitos judiciais,3545.0
2025-09-30,T3,1.01.08.03.10,Ressarcimento,0.0
2025-09-30,T3,1.02,Ativo Não Circulante,16823381.0
2025-09-30,T3,1.02.01,Ativo Realizável a Longo Prazo,1111544.0
2025-09-30,T3,1.02.01.01,Aplicações Financeiras Avaliadas a Valor Justo através do Resultado,0.0
2025-09-30,T3,1.02.01.01.01,Títulos Designados a Valor Justo,0.0
2025-09-30,T3,1.02.01.02,Aplicações Financeiras Avaliadas a Valor Justo através de Outros Resultados Abrangentes,0.0
2025-09-30,T3,1.02.01.03,Aplicações Financeiras Avaliadas ao Custo Amortizado,0.0
2025-09-30,T3,1.02.01.04,Contas a Receber,0.0
2025-09-30,T3,1.02.01.04.01,Clientes,0.0
2025-09-30,T3,1.02.01.04.02,Outras Contas a Receber,0.0
2025-09-30,T3,1.02.01.05,Estoques,0.0
2025-09-30,T3,1.02.01.06,Ativos Biológicos,0.0
2025-09-30,T3,1.02.01.07,Tributos Diferidos,152880.0
2025-09-30,T3,1.02.01.07.01,Imposto de Renda e Contribuição Social Diferidos,152880.0
2025-09-30,T3,1.02.01.08,Despesas Antecipadas,0.0
2025-09-30,T3,1.02.01.09,Créditos com Partes Relacionadas,3797.0
2025-09-30,T3,1.02.01.09.01,Créditos com Coligadas,0.0
2025-09-30,T3,1.02.01.09.03,Créditos com Controladores,0.0
2025-09-30,T3,1.02.01.09.04,Créditos com Outras Partes Relacionadas,0.0
2025-09-30,T3,1.02.01.10,Outros Ativos Não Circulantes,954867.0
2025-09-30,T3,1.02.01.10.01,Ativos Não-Correntes a Venda,0.0
2025-09-30,T3,1.02.01.10.02,Ativos de Operações Descontinuadas,0.0
2025-09-30,T3,1.02.01.10.03,Fundo de liquidez - Conta reserva,702780.0
2025-09-30,T3,1.02.01.10.04,Cauções e depósitos judiciais,10917.0
2025-09-30,T3,1.02.01.10.05,Outros ativos,6087.0
2025-09-30,T3,1.02.01.10.06,Contratos futuros de energia,0.0
2025-09-30,T3,1.02.01.10.07,Ativo sujeito à indenização,0.0
2025-09-30,T3,1.02.01.10.08,Ativos indenizáveis pela União,0.0
2025-09-30,T3,1.02.01.10.09,Tributos a recuperar,130266.0
2025-09-30,T3,1.02.01.10.10,Instrumentos financeiros derivativos,104817.0
2025-09-30,T3,1.02.01.10.11,Ressarcimento,0.0
2025-09-30,T3,1.02.02,Investimentos,84410.0
2025-09-30,T3,1.02.02.01,Participações Societárias,0.0
2025-09-30,T3,1.02.02.01.01,Participações em Coligadas,0.0
2025-09-30,T3,1.02.02.01.04,Participações em Controladas em Conjunto,0.0
2025-09-30,T3,1.02.02.01.05,Outros Investimentos,0.0
2025-09-30,T3,1.02.02.02,Propriedades para Investimento,0.0
2025-09-30,T3,1.02.03,Imobilizado,13886544.0
2025-09-30,T3,1.02.03.01,Imobilizado em Operação,13805890.0
2025-09-30,T3,1.02.03.01.01,Imobilizado em Serviço,0.0
2025-09-30,T3,1.02.03.01.02,Imóveis Destinados a Uso Futuro,0.0
2025-09-30,T3,1.02.03.02,Direito de Uso em Arrendamento,80654.0
2025-09-30,T3,1.02.03.02.01,Direito de Uso de Terreno Arrendado,0.0
2025-09-30,T3,1.02.03.02.02,Direito de uso de sede administrativa,0.0
2025-09-30,T3,1.02.03.03,Imobilizado em Andamento,0.0
2025-09-30,T3,1.02.04,Intangível,1740883.0
2025-09-30,T3,1.02.04.01,Intangíveis,0.0
2025-09-30,T3,1.02.04.01.01,Contrato de Concessão,0.0
2025-09-30,T3,1.02.04.01.02,Intangíveis,0.0
2025-09-30,T3,1.02.04.01.03,Intangível Gerado na Aquisição de Investimentos,0.0
2025-09-30,T3,1.02.04.01.04,Extensão de concessão,0.0
2025-09-30,T3,1.02.04.01.05,Software e Outros Intangíveis,0.0
2025-09-30,T3,1.02.04.02,Goodwill,0.0
