data_fim,trimestre,cd_conta,ds_conta,valor_mil
2015-03-31,T1,2,Passivo Total,5453550.0
2015-03-31,T1,2.01,Passivo Circulante,1224723.0
2015-03-31,T1,2.01.01,Obrigações Sociais e Trabalhistas,113795.0
2015-03-31,T1,2.01.01.01,Obrigações Sociais,13099.0
2015-03-31,T1,2.01.01.02,Obrigações Trabalhistas,100696.0
2015-03-31,T1,2.01.02,Fornecedores,317790.0
2015-03-31,T1,2.01.02.01,Fornecedores Nacionais,173844.0
2015-03-31,T1,2.01.02.02,Fornecedores Estrangeiros,143946.0
2015-03-31,T1,2.01.03,Obrigações Fiscais,40745.0
2015-03-31,T1,2.01.03.01,Obrigações Fiscais Federais,39948.0
2015-03-31,T1,2.01.03.01.01,Imposto de Renda e Contribuição Social a Pagar,9004.0
2015-03-31,T1,2.01.03.01.02,Demais Tributos Federais a Pagar,30944.0
2015-03-31,T1,2.01.03.02,Obrigações Fiscais Estaduais,627.0
2015-03-31,T1,2.01.03.03,Obrigações Fiscais Municipais,170.0
2015-03-31,T1,2.01.04,Empréstimos e Financiamentos,543198.0
2015-03-31,T1,2.01.04.01,Empréstimos e Financiamentos,543198.0
2015-03-31,T1,2.01.04.01.01,Em Moeda Nacional,367443.0
2015-03-31,T1,2.01.04.01.02,Em Moeda Estrangeira,175755.0
2015-03-31,T1,2.01.04.02,Debêntures,0.0
2015-03-31,T1,2.01.04.03,Financiamento por Arrendamento Financeiro,0.0
2015-03-31,T1,2.01.05,Outras Obrigações,198601.0
2015-03-31,T1,2.01.05.01,Passivos com Partes Relacionadas,0.0
2015-03-31,T1,2.01.05.01.01,Débitos com Coligadas,0.0
2015-03-31,T1,2.01.05.01.03,Débitos com Controladores,0.0
2015-03-31,T1,2.01.05.01.04,Débitos com Outras Partes Relacionadas,0.0
2015-03-31,T1,2.01.05.02,Outros,198601.0
2015-03-31,T1,2.01.05.02.01,Dividendos e JCP a Pagar,0.0
2015-03-31,T1,2.01.05.02.02,Dividendo Mínimo Obrigatório a Pagar,139.0
2015-03-31,T1,2.01.05.02.03,Obrigações por Pagamentos Baseados em Ações,0.0
2015-03-31,T1,2.01.05.02.04,Financiamentos de Impostos e Encargos Sociais,0.0
2015-03-31,T1,2.01.05.02.05,Adiantamentos de Clientes,117766.0
2015-03-31,T1,2.01.05.02.06,Títulos a Pagar e Outros,78311.0
2015-03-31,T1,2.01.05.02.07,Instrumentos Financeiros Derivativos,2385.0
2015-03-31,T1,2.01.06,Provisões,10594.0
2015-03-31,T1,2.01.06.01,Provisões Fiscais Previdenciárias Trabalhistas e Cíveis,10594.0
2015-03-31,T1,2.01.06.01.01,Provisões Fiscais,0.0
2015-03-31,T1,2.01.06.01.02,Provisões Previdenciárias e Trabalhistas,10594.0
2015-03-31,T1,2.01.06.01.03,Provisões para Benefícios a Empregados,0.0
2015-03-31,T1,2.01.06.01.04,Provisões Cíveis,0.0
2015-03-31,T1,2.01.06.02,Outras Provisões,0.0
2015-03-31,T1,2.01.06.02.01,Provisões para Garantias,0.0
2015-03-31,T1,2.01.06.02.02,Provisões para Reestruturação,0.0
2015-03-31,T1,2.01.06.02.03,Provisões para Passivos Ambientais e de Desativação,0.0
2015-03-31,T1,2.01.07,Passivos sobre Ativos Não-Correntes a Venda e Descontinuados,0.0
2015-03-31,T1,2.01.07.01,Passivos sobre Ativos Não-Correntes a Venda,0.0
2015-03-31,T1,2.01.07.02,Passivos sobre Ativos de Operações Descontinuadas,0.0
2015-03-31,T1,2.02,Passivo Não Circulante,2021364.0
2015-03-31,T1,2.02.01,Empréstimos e Financiamentos,1849003.0
2015-03-31,T1,2.02.01.01,Empréstimos e Financiamentos,1849003.0
2015-03-31,T1,2.02.01.01.01,Em Moeda Nacional,439379.0
2015-03-31,T1,2.02.01.01.02,Em Moeda Estrangeira,1409624.0
2015-03-31,T1,2.02.01.02,Debêntures,0.0
2015-03-31,T1,2.02.01.03,Financiamento por Arrendamento Financeiro,0.0
2015-03-31,T1,2.02.02,Outras Obrigações,36602.0
2015-03-31,T1,2.02.02.01,Passivos com Partes Relacionadas,0.0
2015-03-31,T1,2.02.02.01.01,Débitos com Coligadas,0.0
2015-03-31,T1,2.02.02.01.03,Débitos com Controladores,0.0
2015-03-31,T1,2.02.02.01.04,Débitos com Outras Partes Relacionadas,0.0
2015-03-31,T1,2.02.02.02,Outros,36602.0
2015-03-31,T1,2.02.02.02.01,Obrigações por Pagamentos Baseados em Ações,0.0
2015-03-31,T1,2.02.02.02.02,Adiantamento para Futuro Aumento de Capital,0.0
2015-03-31,T1,2.02.02.02.03,Financiamentos de Impostos e Encargos Sociais,0.0
2015-03-31,T1,2.02.02.02.04,Outros passivos de Longo Prazo,10176.0
2015-03-31,T1,2.02.02.02.05,Obrigações de Benefícios de Aposentadoria,26426.0
2015-03-31,T1,2.02.02.02.06,Instrumentos Financeiros Derivativos,0.0
2015-03-31,T1,2.02.03,Tributos Diferidos,55975.0
2015-03-31,T1,2.02.03.01,Imposto de Renda e Contribuição Social Diferidos,55975.0
2015-03-31,T1,2.02.04,Provisões,79784.0
2015-03-31,T1,2.02.04.01,Provisões Fiscais Previdenciárias Trabalhistas e Cíveis,79784.0
2015-03-31,T1,2.02.04.01.01,Provisões Fiscais,15113.0
2015-03-31,T1,2.02.04.01.02,Provisões Previdenciárias e Trabalhistas,12157.0
2015-03-31,T1,2.02.04.01.03,Provisões para Benefícios a Empregados,0.0
2015-03-31,T1,2.02.04.01.04,Provisões Cíveis,52514.0
2015-03-31,T1,2.02.04.02,Outras Provisões,0.0
2015-03-31,T1,2.02.04.02.01,Provisões para Garantias,0.0
2015-03-31,T1,2.02.04.02.02,Provisões para Reestruturação,0.0
2015-03-31,T1,2.02.04.02.03,Provisões para Passivos Ambientais e de Desativação,0.0
2015-03-31,T1,2.02.05,Passivos sobre Ativos Não-Correntes a Venda e Descontinuados,0.0
2015-03-31,T1,2.02.05.01,Passivos sobre Ativos Não-Correntes a Venda,0.0
2015-03-31,T1,2.02.05.02,Passivos sobre Ativos de Operações Descontinuadas,0.0
2015-03-31,T1,2.02.06,Lucros e Receitas a Apropriar,0.0
2015-03-31,T1,2.02.06.01,Lucros a Apropriar,0.0
2015-03-31,T1,2.02.06.02,Receitas a Apropriar,0.0
2015-03-31,T1,2.02.06.03,Subvenções de Investimento a Apropriar,0.0
2015-03-31,T1,2.03,Patrimônio Líquido Consolidado,2207463.0
2015-03-31,T1,2.03.01,Capital Social Realizado,1053760.0
2015-03-31,T1,2.03.02,Reservas de Capital,1196.0
2015-03-31,T1,2.03.02.01,Ágio na Emissão de Ações,0.0
2015-03-31,T1,2.03.02.02,Reserva Especial de Ágio na Incorporação,0.0
2015-03-31,T1,2.03.02.03,Alienação de Bônus de Subscrição,0.0
2015-03-31,T1,2.03.02.04,Opções Outorgadas,1196.0
2015-03-31,T1,2.03.02.05,Ações em Tesouraria,0.0
2015-03-31,T1,2.03.02.06,Adiantamento para Futuro Aumento de Capital,0.0
2015-03-31,T1,2.03.03,Reservas de Reavaliação,0.0
2015-03-31,T1,2.03.04,Reservas de Lucros,604242.0
2015-03-31,T1,2.03.04.01,Reserva Legal,49547.0
2015-03-31,T1,2.03.04.02,Reserva Estatutária,554695.0
2015-03-31,T1,2.03.04.03,Reserva para Contingências,0.0
2015-03-31,T1,2.03.04.04,Reserva de Lucros a Realizar,0.0
2015-03-31,T1,2.03.04.05,Reserva de Retenção de Lucros,0.0
2015-03-31,T1,2.03.04.06,Reserva Especial para Dividendos Não Distribuídos,0.0
2015-03-31,T1,2.03.04.07,Reserva de Incentivos Fiscais,0.0
2015-03-31,T1,2.03.04.08,Dividendo Adicional Proposto,0.0
2015-03-31,T1,2.03.04.09,Ações em Tesouraria,0.0
2015-03-31,T1,2.03.05,Lucros/Prejuízos Acumulados,63817.0
2015-03-31,T1,2.03.06,Ajustes de Avaliação Patrimonial,484448.0
2015-03-31,T1,2.03.07,Ajustes Acumulados de Conversão,0.0
2015-03-31,T1,2.03.08,Outros Resultados Abrangentes,0.0
2015-03-31,T1,2.03.09,Participação dos Acionistas Não Controladores,0.0
2015-06-30,T2,2,Passivo Total,5357078.0
2015-06-30,T2,2.01,Passivo Circulante,1393366.0
2015-06-30,T2,2.01.01,Obrigações Sociais e Trabalhistas,121329.0
2015-06-30,T2,2.01.01.01,Obrigações Sociais,16426.0
2015-06-30,T2,2.01.01.02,Obrigações Trabalhistas,104903.0
2015-06-30,T2,2.01.02,Fornecedores,288517.0
2015-06-30,T2,2.01.02.01,Fornecedores Nacionais,175927.0
2015-06-30,T2,2.01.02.02,Fornecedores Estrangeiros,112590.0
2015-06-30,T2,2.01.03,Obrigações Fiscais,50594.0
2015-06-30,T2,2.01.03.01,Obrigações Fiscais Federais,50088.0
2015-06-30,T2,2.01.03.01.01,Imposto de Renda e Contribuição Social a Pagar,4787.0
2015-06-30,T2,2.01.03.01.02,Demais Tributos Federais a Pagar,45301.0
2015-06-30,T2,2.01.03.02,Obrigações Fiscais Estaduais,506.0
2015-06-30,T2,2.01.03.03,Obrigações Fiscais Municipais,0.0
2015-06-30,T2,2.01.04,Empréstimos e Financiamentos,752781.0
2015-06-30,T2,2.01.04.01,Empréstimos e Financiamentos,752781.0
2015-06-30,T2,2.01.04.01.01,Em Moeda Nacional,569694.0
2015-06-30,T2,2.01.04.01.02,Em Moeda Estrangeira,183087.0
2015-06-30,T2,2.01.04.02,Debêntures,0.0
2015-06-30,T2,2.01.04.03,Financiamento por Arrendamento Financeiro,0.0
2015-06-30,T2,2.01.05,Outras Obrigações,168450.0
2015-06-30,T2,2.01.05.01,Passivos com Partes Relacionadas,0.0
2015-06-30,T2,2.01.05.01.01,Débitos com Coligadas,0.0
2015-06-30,T2,2.01.05.01.03,Débitos com Controladores,0.0
2015-06-30,T2,2.01.05.01.04,Débitos com Outras Partes Relacionadas,0.0
2015-06-30,T2,2.01.05.02,Outros,168450.0
2015-06-30,T2,2.01.05.02.01,Dividendos e JCP a Pagar,0.0
2015-06-30,T2,2.01.05.02.02,Dividendo Mínimo Obrigatório a Pagar,139.0
2015-06-30,T2,2.01.05.02.03,Obrigações por Pagamentos Baseados em Ações,0.0
2015-06-30,T2,2.01.05.02.04,Financiamentos de Impostos e Encargos Sociais,0.0
2015-06-30,T2,2.01.05.02.05,Adiantamentos de Clientes,104089.0
2015-06-30,T2,2.01.05.02.06,Títulos a Pagar e Outros,62777.0
2015-06-30,T2,2.01.05.02.07,Instrumentos Financeiros Derivativos,1445.0
2015-06-30,T2,2.01.06,Provisões,11695.0
2015-06-30,T2,2.01.06.01,Provisões Fiscais Previdenciárias Trabalhistas e Cíveis,11695.0
2015-06-30,T2,2.01.06.01.01,Provisões Fiscais,0.0
2015-06-30,T2,2.01.06.01.02,Provisões Previdenciárias e Trabalhistas,11695.0
2015-06-30,T2,2.01.06.01.03,Provisões para Benefícios a Empregados,0.0
2015-06-30,T2,2.01.06.01.04,Provisões Cíveis,0.0
2015-06-30,T2,2.01.06.02,Outras Provisões,0.0
2015-06-30,T2,2.01.06.02.01,Provisões para Garantias,0.0
2015-06-30,T2,2.01.06.02.02,Provisões para Reestruturação,0.0
2015-06-30,T2,2.01.06.02.03,Provisões para Passivos Ambientais e de Desativação,0.0
2015-06-30,T2,2.01.07,Passivos sobre Ativos Não-Correntes a Venda e Descontinuados,0.0
2015-06-30,T2,2.01.07.01,Passivos sobre Ativos Não-Correntes a Venda,0.0
2015-06-30,T2,2.01.07.02,Passivos sobre Ativos de Operações Descontinuadas,0.0
2015-06-30,T2,2.02,Passivo Não Circulante,1724652.0
2015-06-30,T2,2.02.01,Empréstimos e Financiamentos,1515716.0
2015-06-30,T2,2.02.01.01,Empréstimos e Financiamentos,1515716.0
2015-06-30,T2,2.02.01.01.01,Em Moeda Nacional,222269.0
2015-06-30,T2,2.02.01.01.02,Em Moeda Estrangeira,1293447.0
2015-06-30,T2,2.02.01.02,Debêntures,0.0
2015-06-30,T2,2.02.01.03,Financiamento por Arrendamento Financeiro,0.0
2015-06-30,T2,2.02.02,Outras Obrigações,34870.0
2015-06-30,T2,2.02.02.01,Passivos com Partes Relacionadas,0.0
2015-06-30,T2,2.02.02.01.01,Débitos com Coligadas,0.0
2015-06-30,T2,2.02.02.01.03,Débitos com Controladores,0.0
2015-06-30,T2,2.02.02.01.04,Débitos com Outras Partes Relacionadas,0.0
2015-06-30,T2,2.02.02.02,Outros,34870.0
2015-06-30,T2,2.02.02.02.01,Obrigações por Pagamentos Baseados em Ações,0.0
2015-06-30,T2,2.02.02.02.02,Adiantamento para Futuro Aumento de Capital,0.0
2015-06-30,T2,2.02.02.02.03,Financiamentos de Impostos e Encargos Sociais,0.0
2015-06-30,T2,2.02.02.02.04,Outros passivos de Longo Prazo,9172.0
2015-06-30,T2,2.02.02.02.05,Obrigações de Benefícios de Aposentadoria,25698.0
2015-06-30,T2,2.02.02.02.06,Instrumentos Financeiros Derivativos,0.0
2015-06-30,T2,2.02.03,Tributos Diferidos,91096.0
2015-06-30,T2,2.02.03.01,Imposto de Renda e Contribuição Social Diferidos,91096.0
2015-06-30,T2,2.02.04,Provisões,82970.0
2015-06-30,T2,2.02.04.01,Provisões Fiscais Previdenciárias Trabalhistas e Cíveis,82970.0
2015-06-30,T2,2.02.04.01.01,Provisões Fiscais,19520.0
2015-06-30,T2,2.02.04.01.02,Provisões Previdenciárias e Trabalhistas,9127.0
2015-06-30,T2,2.02.04.01.03,Provisões para Benefícios a Empregados,0.0
2015-06-30,T2,2.02.04.01.04,Provisões Cíveis,54323.0
2015-06-30,T2,2.02.04.02,Outras Provisões,0.0
2015-06-30,T2,2.02.04.02.01,Provisões para Garantias,0.0
2015-06-30,T2,2.02.04.02.02,Provisões para Reestruturação,0.0
2015-06-30,T2,2.02.04.02.03,Provisões para Passivos Ambientais e de Desativação,0.0
2015-06-30,T2,2.02.05,Passivos sobre Ativos Não-Correntes a Venda e Descontinuados,0.0
2015-06-30,T2,2.02.05.01,Passivos sobre Ativos Não-Correntes a Venda,0.0
2015-06-30,T2,2.02.05.02,Passivos sobre Ativos de Operações Descontinuadas,0.0
2015-06-30,T2,2.02.06,Lucros e Receitas a Apropriar,0.0
2015-06-30,T2,2.02.06.01,Lucros a Apropriar,0.0
2015-06-30,T2,2.02.06.02,Receitas a Apropriar,0.0
2015-06-30,T2,2.02.06.03,Subvenções de Investimento a Apropriar,0.0
2015-06-30,T2,2.03,Patrimônio Líquido Consolidado,2239060.0
2015-06-30,T2,2.03.01,Capital Social Realizado,1053760.0
2015-06-30,T2,2.03.02,Reservas de Capital,2015.0
2015-06-30,T2,2.03.02.01,Ágio na Emissão de Ações,0.0
2015-06-30,T2,2.03.02.02,Reserva Especial de Ágio na Incorporação,0.0
2015-06-30,T2,2.03.02.03,Alienação de Bônus de Subscrição,0.0
2015-06-30,T2,2.03.02.04,Opções Outorgadas,2015.0
2015-06-30,T2,2.03.02.05,Ações em Tesouraria,0.0
2015-06-30,T2,2.03.02.06,Adiantamento para Futuro Aumento de Capital,0.0
2015-06-30,T2,2.03.03,Reservas de Reavaliação,0.0
2015-06-30,T2,2.03.04,Reservas de Lucros,604242.0
2015-06-30,T2,2.03.04.01,Reserva Legal,49547.0
2015-06-30,T2,2.03.04.02,Reserva Estatutária,554695.0
2015-06-30,T2,2.03.04.03,Reserva para Contingências,0.0
2015-06-30,T2,2.03.04.04,Reserva de Lucros a Realizar,0.0
2015-06-30,T2,2.03.04.05,Reserva de Retenção de Lucros,0.0
2015-06-30,T2,2.03.04.06,Reserva Especial para Dividendos Não Distribuídos,0.0
2015-06-30,T2,2.03.04.07,Reserva de Incentivos Fiscais,0.0
2015-06-30,T2,2.03.04.08,Dividendo Adicional Proposto,0.0
2015-06-30,T2,2.03.04.09,Ações em Tesouraria,0.0
2015-06-30,T2,2.03.05,Lucros/Prejuízos Acumulados,128526.0
2015-06-30,T2,2.03.06,Ajustes de Avaliação Patrimonial,450517.0
2015-06-30,T2,2.03.07,Ajustes Acumulados de Conversão,0.0
2015-06-30,T2,2.03.08,Outros Resultados Abrangentes,0.0
2015-06-30,T2,2.03.09,Participação dos Acionistas Não Controladores,0.0
2015-09-30,T3,2,Passivo Total,5709570.0
2015-09-30,T3,2.01,Passivo Circulante,1327778.0
2015-09-30,T3,2.01.01,Obrigações Sociais e Trabalhistas,133062.0
2015-09-30,T3,2.01.01.01,Obrigações Sociais,16589.0
2015-09-30,T3,2.01.01.02,Obrigações Trabalhistas,116473.0
2015-09-30,T3,2.01.02,Fornecedores,309021.0
2015-09-30,T3,2.01.02.01,Fornecedores Nacionais,150203.0
2015-09-30,T3,2.01.02.02,Fornecedores Estrangeiros,158818.0
2015-09-30,T3,2.01.03,Obrigações Fiscais,80216.0
2015-09-30,T3,2.01.03.01,Obrigações Fiscais Federais,79917.0
2015-09-30,T3,2.01.03.01.01,Imposto de Renda e Contribuição Social a Pagar,43228.0
2015-09-30,T3,2.01.03.01.02,Demais Tributos Federais a Pagar,36689.0
2015-09-30,T3,2.01.03.02,Obrigações Fiscais Estaduais,299.0
2015-09-30,T3,2.01.03.03,Obrigações Fiscais Municipais,0.0
2015-09-30,T3,2.01.04,Empréstimos e Financiamentos,578228.0
2015-09-30,T3,2.01.04.01,Empréstimos e Financiamentos,578228.0
2015-09-30,T3,2.01.04.01.01,Em Moeda Nacional,363315.0
2015-09-30,T3,2.01.04.01.02,Em Moeda Estrangeira,214913.0
2015-09-30,T3,2.01.04.02,Debêntures,0.0
2015-09-30,T3,2.01.04.03,Financiamento por Arrendamento Financeiro,0.0
2015-09-30,T3,2.01.05,Outras Obrigações,212167.0
2015-09-30,T3,2.01.05.01,Passivos com Partes Relacionadas,0.0
2015-09-30,T3,2.01.05.01.01,Débitos com Coligadas,0.0
2015-09-30,T3,2.01.05.01.03,Débitos com Controladores,0.0
2015-09-30,T3,2.01.05.01.04,Débitos com Outras Partes Relacionadas,0.0
2015-09-30,T3,2.01.05.02,Outros,212167.0
2015-09-30,T3,2.01.05.02.01,Dividendos e JCP a Pagar,0.0
2015-09-30,T3,2.01.05.02.02,Dividendo Mínimo Obrigatório a Pagar,157.0
2015-09-30,T3,2.01.05.02.03,Obrigações por Pagamentos Baseados em Ações,0.0
2015-09-30,T3,2.01.05.02.04,Financiamentos de Impostos e Encargos Sociais,0.0
2015-09-30,T3,2.01.05.02.05,Adiantamentos de Clientes,146524.0
2015-09-30,T3,2.01.05.02.06,Títulos a Pagar e Outros,65486.0
2015-09-30,T3,2.01.05.02.07,Instrumentos Financeiros Derivativos,0.0
2015-09-30,T3,2.01.06,Provisões,15084.0
2015-09-30,T3,2.01.06.01,Provisões Fiscais Previdenciárias Trabalhistas e Cíveis,15084.0
2015-09-30,T3,2.01.06.01.01,Provisões Fiscais,0.0
2015-09-30,T3,2.01.06.01.02,Provisões Previdenciárias e Trabalhistas,15084.0
2015-09-30,T3,2.01.06.01.03,Provisões para Benefícios a Empregados,0.0
2015-09-30,T3,2.01.06.01.04,Provisões Cíveis,0.0
2015-09-30,T3,2.01.06.02,Outras Provisões,0.0
2015-09-30,T3,2.01.06.02.01,Provisões para Garantias,0.0
2015-09-30,T3,2.01.06.02.02,Provisões para Reestruturação,0.0
2015-09-30,T3,2.01.06.02.03,Provisões para Passivos Ambientais e de Desativação,0.0
2015-09-30,T3,2.01.07,Passivos sobre Ativos Não-Correntes a Venda e Descontinuados,0.0
2015-09-30,T3,2.01.07.01,Passivos sobre Ativos Não-Correntes a Venda,0.0
2015-09-30,T3,2.01.07.02,Passivos sobre Ativos de Operações Descontinuadas,0.0
2015-09-30,T3,2.02,Passivo Não Circulante,1986522.0
2015-09-30,T3,2.02.01,Empréstimos e Financiamentos,1863557.0
2015-09-30,T3,2.02.01.01,Empréstimos e Financiamentos,1863557.0
2015-09-30,T3,2.02.01.01.01,Em Moeda Nacional,210332.0
2015-09-30,T3,2.02.01.01.02,Em Moeda Estrangeira,1653225.0
2015-09-30,T3,2.02.01.02,Debêntures,0.0
2015-09-30,T3,2.02.01.03,Financiamento por Arrendamento Financeiro,0.0
2015-09-30,T3,2.02.02,Outras Obrigações,38666.0
2015-09-30,T3,2.02.02.01,Passivos com Partes Relacionadas,0.0
2015-09-30,T3,2.02.02.01.01,Débitos com Coligadas,0.0
2015-09-30,T3,2.02.02.01.03,Débitos com Controladores,0.0
2015-09-30,T3,2.02.02.01.04,Débitos com Outras Partes Relacionadas,0.0
2015-09-30,T3,2.02.02.02,Outros,38666.0
2015-09-30,T3,2.02.02.02.01,Obrigações por Pagamentos Baseados em Ações,0.0
2015-09-30,T3,2.02.02.02.02,Adiantamento para Futuro Aumento de Capital,0.0
2015-09-30,T3,2.02.02.02.03,Financiamentos de Impostos e Encargos Sociais,0.0
2015-09-30,T3,2.02.02.02.04,Outros passivos de Longo Prazo,7595.0
2015-09-30,T3,2.02.02.02.05,Obrigações de Benefícios de Aposentadoria,31071.0
2015-09-30,T3,2.02.02.02.06,Instrumentos Financeiros Derivativos,0.0
2015-09-30,T3,2.02.03,Tributos Diferidos,0.0
2015-09-30,T3,2.02.03.01,Imposto de Renda e Contribuição Social Diferidos,0.0
2015-09-30,T3,2.02.04,Provisões,84299.0
2015-09-30,T3,2.02.04.01,Provisões Fiscais Previdenciárias Trabalhistas e Cíveis,84299.0
2015-09-30,T3,2.02.04.01.01,Provisões Fiscais,22161.0
2015-09-30,T3,2.02.04.01.02,Provisões Previdenciárias e Trabalhistas,10007.0
2015-09-30,T3,2.02.04.01.03,Provisões para Benefícios a Empregados,0.0
2015-09-30,T3,2.02.04.01.04,Provisões Cíveis,52131.0
2015-09-30,T3,2.02.04.02,Outras Provisões,0.0
2015-09-30,T3,2.02.04.02.01,Provisões para Garantias,0.0
2015-09-30,T3,2.02.04.02.02,Provisões para Reestruturação,0.0
2015-09-30,T3,2.02.04.02.03,Provisões para Passivos Ambientais e de Desativação,0.0
2015-09-30,T3,2.02.05,Passivos sobre Ativos Não-Correntes a Venda e Descontinuados,0.0
2015-09-30,T3,2.02.05.01,Passivos sobre Ativos Não-Correntes a Venda,0.0
2015-09-30,T3,2.02.05.02,Passivos sobre Ativos de Operações Descontinuadas,0.0
2015-09-30,T3,2.02.06,Lucros e Receitas a Apropriar,0.0
2015-09-30,T3,2.02.06.01,Lucros a Apropriar,0.0
2015-09-30,T3,2.02.06.02,Receitas a Apropriar,0.0
2015-09-30,T3,2.02.06.03,Subvenções de Investimento a Apropriar,0.0
2015-09-30,T3,2.03,Patrimônio Líquido Consolidado,2395270.0
2015-09-30,T3,2.03.01,Capital Social Realizado,1053760.0
2015-09-30,T3,2.03.02,Reservas de Capital,2974.0
2015-09-30,T3,2.03.02.01,Ágio na Emissão de Ações,0.0
2015-09-30,T3,2.03.02.02,Reserva Especial de Ágio na Incorporação,0.0
2015-09-30,T3,2.03.02.03,Alienação de Bônus de Subscrição,0.0
2015-09-30,T3,2.03.02.04,Opções Outorgadas,2974.0
2015-09-30,T3,2.03.02.05,Ações em Tesouraria,0.0
2015-09-30,T3,2.03.02.06,Adiantamento para Futuro Aumento de Capital,0.0
2015-09-30,T3,2.03.03,Reservas de Reavaliação,0.0
2015-09-30,T3,2.03.04,Reservas de Lucros,604242.0
2015-09-30,T3,2.03.04.01,Reserva Legal,49547.0
2015-09-30,T3,2.03.04.02,Reserva Estatutária,554695.0
2015-09-30,T3,2.03.04.03,Reserva para Contingências,0.0
2015-09-30,T3,2.03.04.04,Reserva de Lucros a Realizar,0.0
2015-09-30,T3,2.03.04.05,Reserva de Retenção de Lucros,0.0
2015-09-30,T3,2.03.04.06,Reserva Especial para Dividendos Não Distribuídos,0.0
2015-09-30,T3,2.03.04.07,Reserva de Incentivos Fiscais,0.0
2015-09-30,T3,2.03.04.08,Dividendo Adicional Proposto,0.0
2015-09-30,T3,2.03.04.09,Ações em Tesouraria,0.0
2015-09-30,T3,2.03.05,Lucros/Prejuízos Acumulados,88677.0
2015-09-30,T3,2.03.06,Ajustes de Avaliação Patrimonial,645617.0
2015-09-30,T3,2.03.07,Ajustes Acumulados de Conversão,0.0
2015-09-30,T3,2.03.08,Outros Resultados Abrangentes,0.0
2015-09-30,T3,2.03.09,Participação dos Acionistas Não Controladores,0.0
2016-03-31,T1,2,Passivo Total,5440647.0
2016-03-31,T1,2.01,Passivo Circulante,1089001.0
2016-03-31,T1,2.01.01,Obrigações Sociais e Trabalhistas,107745.0
2016-03-31,T1,2.01.01.01,Obrigações Sociais,9912.0
2016-03-31,T1,2.01.01.02,Obrigações Trabalhistas,97833.0
2016-03-31,T1,2.01.02,Fornecedores,303610.0
2016-03-31,T1,2.01.02.01,Fornecedores Nacionais,142562.0
2016-03-31,T1,2.01.02.02,Fornecedores Estrangeiros,161048.0
2016-03-31,T1,2.01.03,Obrigações Fiscais,46702.0
2016-03-31,T1,2.01.03.01,Obrigações Fiscais Federais,46307.0
2016-03-31,T1,2.01.03.01.01,Imposto de Renda e Contribuição Social a Pagar,27916.0
2016-03-31,T1,2.01.03.01.02,Demais Tributos Federais a Pagar,18391.0
2016-03-31,T1,2.01.03.02,Obrigações Fiscais Estaduais,395.0
2016-03-31,T1,2.01.03.03,Obrigações Fiscais Municipais,0.0
2016-03-31,T1,2.01.04,Empréstimos e Financiamentos,442540.0
2016-03-31,T1,2.01.04.01,Empréstimos e Financiamentos,442540.0
2016-03-31,T1,2.01.04.01.01,Em Moeda Nacional,254885.0
2016-03-31,T1,2.01.04.01.02,Em Moeda Estrangeira,187655.0
2016-03-31,T1,2.01.04.02,Debêntures,0.0
2016-03-31,T1,2.01.04.03,Financiamento por Arrendamento Financeiro,0.0
2016-03-31,T1,2.01.05,Outras Obrigações,168820.0
2016-03-31,T1,2.01.05.01,Passivos com Partes Relacionadas,0.0
2016-03-31,T1,2.01.05.01.01,Débitos com Coligadas,0.0
2016-03-31,T1,2.01.05.01.03,Débitos com Controladores,0.0
2016-03-31,T1,2.01.05.01.04,Débitos com Outras Partes Relacionadas,0.0
2016-03-31,T1,2.01.05.02,Outros,168820.0
2016-03-31,T1,2.01.05.02.01,Dividendos e JCP a Pagar,0.0
2016-03-31,T1,2.01.05.02.02,Dividendo Mínimo Obrigatório a Pagar,158.0
2016-03-31,T1,2.01.05.02.03,Obrigações por Pagamentos Baseados em Ações,0.0
2016-03-31,T1,2.01.05.02.04,Financiamentos de Impostos e Encargos Sociais,0.0
2016-03-31,T1,2.01.05.02.05,Adiantamentos de Clientes,118502.0
2016-03-31,T1,2.01.05.02.06,Títulos a Pagar e Outros,50160.0
2016-03-31,T1,2.01.05.02.07,Instrumentos Financeiros Derivativos,0.0
2016-03-31,T1,2.01.06,Provisões,19584.0
2016-03-31,T1,2.01.06.01,Provisões Fiscais Previdenciárias Trabalhistas e Cíveis,19584.0
2016-03-31,T1,2.01.06.01.01,Provisões Fiscais,0.0
2016-03-31,T1,2.01.06.01.02,Provisões Previdenciárias e Trabalhistas,19584.0
2016-03-31,T1,2.01.06.01.03,Provisões para Benefícios a Empregados,0.0
2016-03-31,T1,2.01.06.01.04,Provisões Cíveis,0.0
2016-03-31,T1,2.01.06.02,Outras Provisões,0.0
2016-03-31,T1,2.01.06.02.01,Provisões para Garantias,0.0
2016-03-31,T1,2.01.06.02.02,Provisões para Reestruturação,0.0
2016-03-31,T1,2.01.06.02.03,Provisões para Passivos Ambientais e de Desativação,0.0
2016-03-31,T1,2.01.07,Passivos sobre Ativos Não-Correntes a Venda e Descontinuados,0.0
2016-03-31,T1,2.01.07.01,Passivos sobre Ativos Não-Correntes a Venda,0.0
2016-03-31,T1,2.01.07.02,Passivos sobre Ativos de Operações Descontinuadas,0.0
2016-03-31,T1,2.02,Passivo Não Circulante,1983522.0
2016-03-31,T1,2.02.01,Empréstimos e Financiamentos,1864662.0
2016-03-31,T1,2.02.01.01,Empréstimos e Financiamentos,1864662.0
2016-03-31,T1,2.02.01.01.01,Em Moeda Nacional,464271.0
2016-03-31,T1,2.02.01.01.02,Em Moeda Estrangeira,1400391.0
2016-03-31,T1,2.02.01.02,Debêntures,0.0
2016-03-31,T1,2.02.01.03,Financiamento por Arrendamento Financeiro,0.0
2016-03-31,T1,2.02.02,Outras Obrigações,36675.0
2016-03-31,T1,2.02.02.01,Passivos com Partes Relacionadas,0.0
2016-03-31,T1,2.02.02.01.01,Débitos com Coligadas,0.0
2016-03-31,T1,2.02.02.01.03,Débitos com Controladores,0.0
2016-03-31,T1,2.02.02.01.04,Débitos com Outras Partes Relacionadas,0.0
2016-03-31,T1,2.02.02.02,Outros,36675.0
2016-03-31,T1,2.02.02.02.01,Obrigações por Pagamentos Baseados em Ações,0.0
2016-03-31,T1,2.02.02.02.02,Adiantamento para Futuro Aumento de Capital,0.0
2016-03-31,T1,2.02.02.02.03,Financiamentos de Impostos e Encargos Sociais,0.0
2016-03-31,T1,2.02.02.02.04,Outros passivos de Longo Prazo,5588.0
2016-03-31,T1,2.02.02.02.05,Obrigações de Benefícios de Aposentadoria,31087.0
2016-03-31,T1,2.02.02.02.06,Instrumentos Financeiros Derivativos,0.0
2016-03-31,T1,2.02.03,Tributos Diferidos,0.0
2016-03-31,T1,2.02.03.01,Imposto de Renda e Contribuição Social Diferidos,0.0
2016-03-31,T1,2.02.04,Provisões,82185.0
2016-03-31,T1,2.02.04.01,Provisões Fiscais Previdenciárias Trabalhistas e Cíveis,82185.0
2016-03-31,T1,2.02.04.01.01,Provisões Fiscais,16703.0
2016-03-31,T1,2.02.04.01.02,Provisões Previdenciárias e Trabalhistas,13976.0
2016-03-31,T1,2.02.04.01.03,Provisões para Benefícios a Empregados,0.0
2016-03-31,T1,2.02.04.01.04,Provisões Cíveis,51506.0
2016-03-31,T1,2.02.04.02,Outras Provisões,0.0
2016-03-31,T1,2.02.04.02.01,Provisões para Garantias,0.0
2016-03-31,T1,2.02.04.02.02,Provisões para Reestruturação,0.0
2016-03-31,T1,2.02.04.02.03,Provisões para Passivos Ambientais e de Desativação,0.0
2016-03-31,T1,2.02.05,Passivos sobre Ativos Não-Correntes a Venda e Descontinuados,0.0
2016-03-31,T1,2.02.05.01,Passivos sobre Ativos Não-Correntes a Venda,0.0
2016-03-31,T1,2.02.05.02,Passivos sobre Ativos de Operações Descontinuadas,0.0
2016-03-31,T1,2.02.06,Lucros e Receitas a Apropriar,0.0
2016-03-31,T1,2.02.06.01,Lucros a Apropriar,0.0
2016-03-31,T1,2.02.06.02,Receitas a Apropriar,0.0
2016-03-31,T1,2.02.06.03,Subvenções de Investimento a Apropriar,0.0
2016-03-31,T1,2.03,Patrimônio Líquido Consolidado,2368124.0
2016-03-31,T1,2.03.01,Capital Social Realizado,1053760.0
2016-03-31,T1,2.03.02,Reservas de Capital,4516.0
2016-03-31,T1,2.03.02.01,Ágio na Emissão de Ações,0.0
2016-03-31,T1,2.03.02.02,Reserva Especial de Ágio na Incorporação,0.0
2016-03-31,T1,2.03.02.03,Alienação de Bônus de Subscrição,0.0
2016-03-31,T1,2.03.02.04,Opções Outorgadas,4516.0
2016-03-31,T1,2.03.02.05,Ações em Tesouraria,0.0
2016-03-31,T1,2.03.02.06,Adiantamento para Futuro Aumento de Capital,0.0
2016-03-31,T1,2.03.03,Reservas de Reavaliação,0.0
2016-03-31,T1,2.03.04,Reservas de Lucros,733399.0
2016-03-31,T1,2.03.04.01,Reserva Legal,60553.0
2016-03-31,T1,2.03.04.02,Reserva Estatutária,672846.0
2016-03-31,T1,2.03.04.03,Reserva para Contingências,0.0
2016-03-31,T1,2.03.04.04,Reserva de Lucros a Realizar,0.0
2016-03-31,T1,2.03.04.05,Reserva de Retenção de Lucros,0.0
2016-03-31,T1,2.03.04.06,Reserva Especial para Dividendos Não Distribuídos,0.0
2016-03-31,T1,2.03.04.07,Reserva de Incentivos Fiscais,0.0
2016-03-31,T1,2.03.04.08,Dividendo Adicional Proposto,0.0
2016-03-31,T1,2.03.04.09,Ações em Tesouraria,0.0
2016-03-31,T1,2.03.05,Lucros/Prejuízos Acumulados,20035.0
2016-03-31,T1,2.03.06,Ajustes de Avaliação Patrimonial,556414.0
2016-03-31,T1,2.03.07,Ajustes Acumulados de Conversão,0.0
2016-03-31,T1,2.03.08,Outros Resultados Abrangentes,0.0
2016-03-31,T1,2.03.09,Participação dos Acionistas Não Controladores,0.0
2016-06-30,T2,2,Passivo Total,4871929.0
2016-06-30,T2,2.01,Passivo Circulante,844362.0
2016-06-30,T2,2.01.01,Obrigações Sociais e Trabalhistas,112803.0
2016-06-30,T2,2.01.01.01,Obrigações Sociais,8632.0
2016-06-30,T2,2.01.01.02,Obrigações Trabalhistas,104171.0
2016-06-30,T2,2.01.02,Fornecedores,315768.0
2016-06-30,T2,2.01.02.01,Fornecedores Nacionais,154577.0
2016-06-30,T2,2.01.02.02,Fornecedores Estrangeiros,161191.0
2016-06-30,T2,2.01.03,Obrigações Fiscais,30040.0
2016-06-30,T2,2.01.03.01,Obrigações Fiscais Federais,29561.0
2016-06-30,T2,2.01.03.01.01,Imposto de Renda e Contribuição Social a Pagar,14159.0
2016-06-30,T2,2.01.03.01.02,Demais Tributos Federais a Pagar,15402.0
2016-06-30,T2,2.01.03.02,Obrigações Fiscais Estaduais,397.0
2016-06-30,T2,2.01.03.03,Obrigações Fiscais Municipais,82.0
2016-06-30,T2,2.01.04,Empréstimos e Financiamentos,227648.0
2016-06-30,T2,2.01.04.01,Empréstimos e Financiamentos,227648.0
2016-06-30,T2,2.01.04.01.01,Em Moeda Nacional,45053.0
2016-06-30,T2,2.01.04.01.02,Em Moeda Estrangeira,182595.0
2016-06-30,T2,2.01.04.02,Debêntures,0.0
2016-06-30,T2,2.01.04.03,Financiamento por Arrendamento Financeiro,0.0
2016-06-30,T2,2.01.05,Outras Obrigações,137436.0
2016-06-30,T2,2.01.05.01,Passivos com Partes Relacionadas,0.0
2016-06-30,T2,2.01.05.01.01,Débitos com Coligadas,0.0
2016-06-30,T2,2.01.05.01.03,Débitos com Controladores,0.0
2016-06-30,T2,2.01.05.01.04,Débitos com Outras Partes Relacionadas,0.0
2016-06-30,T2,2.01.05.02,Outros,137436.0
2016-06-30,T2,2.01.05.02.01,Dividendos e JCP a Pagar,0.0
2016-06-30,T2,2.01.05.02.02,Dividendo Mínimo Obrigatório a Pagar,158.0
2016-06-30,T2,2.01.05.02.03,Obrigações por Pagamentos Baseados em Ações,0.0
2016-06-30,T2,2.01.05.02.04,Financiamentos de Impostos e Encargos Sociais,0.0
2016-06-30,T2,2.01.05.02.05,Adiantamentos de Clientes,88376.0
2016-06-30,T2,2.01.05.02.06,Títulos a Pagar e Outros,48902.0
2016-06-30,T2,2.01.05.02.07,Instrumentos Financeiros Derivativos,0.0
2016-06-30,T2,2.01.06,Provisões,20667.0
2016-06-30,T2,2.01.06.01,Provisões Fiscais Previdenciárias Trabalhistas e Cíveis,20667.0
2016-06-30,T2,2.01.06.01.01,Provisões Fiscais,0.0
2016-06-30,T2,2.01.06.01.02,Provisões Previdenciárias e Trabalhistas,20667.0
2016-06-30,T2,2.01.06.01.03,Provisões para Benefícios a Empregados,0.0
2016-06-30,T2,2.01.06.01.04,Provisões Cíveis,0.0
2016-06-30,T2,2.01.06.02,Outras Provisões,0.0
2016-06-30,T2,2.01.06.02.01,Provisões para Garantias,0.0
2016-06-30,T2,2.01.06.02.02,Provisões para Reestruturação,0.0
2016-06-30,T2,2.01.06.02.03,Provisões para Passivos Ambientais e de Desativação,0.0
2016-06-30,T2,2.01.07,Passivos sobre Ativos Não-Correntes a Venda e Descontinuados,0.0
2016-06-30,T2,2.01.07.01,Passivos sobre Ativos Não-Correntes a Venda,0.0
2016-06-30,T2,2.01.07.02,Passivos sobre Ativos de Operações Descontinuadas,0.0
2016-06-30,T2,2.02,Passivo Não Circulante,1755992.0
2016-06-30,T2,2.02.01,Empréstimos e Financiamentos,1647103.0
2016-06-30,T2,2.02.01.01,Empréstimos e Financiamentos,1647103.0
2016-06-30,T2,2.02.01.01.01,Em Moeda Nacional,454792.0
2016-06-30,T2,2.02.01.01.02,Em Moeda Estrangeira,1192311.0
2016-06-30,T2,2.02.01.02,Debêntures,0.0
2016-06-30,T2,2.02.01.03,Financiamento por Arrendamento Financeiro,0.0
2016-06-30,T2,2.02.02,Outras Obrigações,31431.0
2016-06-30,T2,2.02.02.01,Passivos com Partes Relacionadas,0.0
2016-06-30,T2,2.02.02.01.01,Débitos com Coligadas,0.0
2016-06-30,T2,2.02.02.01.03,Débitos com Controladores,0.0
2016-06-30,T2,2.02.02.01.04,Débitos com Outras Partes Relacionadas,0.0
2016-06-30,T2,2.02.02.02,Outros,31431.0
2016-06-30,T2,2.02.02.02.01,Obrigações por Pagamentos Baseados em Ações,0.0
2016-06-30,T2,2.02.02.02.02,Adiantamento para Futuro Aumento de Capital,0.0
2016-06-30,T2,2.02.02.02.03,Financiamentos de Impostos e Encargos Sociais,0.0
2016-06-30,T2,2.02.02.02.04,Outros passivos de Longo Prazo,4584.0
2016-06-30,T2,2.02.02.02.05,Obrigações de Benefícios de Aposentadoria,26847.0
2016-06-30,T2,2.02.02.02.06,Instrumentos Financeiros Derivativos,0.0
2016-06-30,T2,2.02.03,Tributos Diferidos,0.0
2016-06-30,T2,2.02.03.01,Imposto de Renda e Contribuição Social Diferidos,0.0
2016-06-30,T2,2.02.04,Provisões,77458.0
2016-06-30,T2,2.02.04.01,Provisões Fiscais Previdenciárias Trabalhistas e Cíveis,77458.0
2016-06-30,T2,2.02.04.01.01,Provisões Fiscais,16789.0
2016-06-30,T2,2.02.04.01.02,Provisões Previdenciárias e Trabalhistas,10413.0
2016-06-30,T2,2.02.04.01.03,Provisões para Benefícios a Empregados,0.0
2016-06-30,T2,2.02.04.01.04,Provisões Cíveis,50256.0
2016-06-30,T2,2.02.04.02,Outras Provisões,0.0
2016-06-30,T2,2.02.04.02.01,Provisões para Garantias,0.0
2016-06-30,T2,2.02.04.02.02,Provisões para Reestruturação,0.0
2016-06-30,T2,2.02.04.02.03,Provisões para Passivos Ambientais e de Desativação,0.0
2016-06-30,T2,2.02.05,Passivos sobre Ativos Não-Correntes a Venda e Descontinuados,0.0
2016-06-30,T2,2.02.05.01,Passivos sobre Ativos Não-Correntes a Venda,0.0
2016-06-30,T2,2.02.05.02,Passivos sobre Ativos de Operações Descontinuadas,0.0
2016-06-30,T2,2.02.06,Lucros e Receitas a Apropriar,0.0
2016-06-30,T2,2.02.06.01,Lucros a Apropriar,0.0
2016-06-30,T2,2.02.06.02,Receitas a Apropriar,0.0
2016-06-30,T2,2.02.06.03,Subvenções de Investimento a Apropriar,0.0
2016-06-30,T2,2.03,Patrimônio Líquido Consolidado,2271575.0
2016-06-30,T2,2.03.01,Capital Social Realizado,1053760.0
2016-06-30,T2,2.03.02,Reservas de Capital,5197.0
2016-06-30,T2,2.03.02.01,Ágio na Emissão de Ações,0.0
2016-06-30,T2,2.03.02.02,Reserva Especial de Ágio na Incorporação,0.0
2016-06-30,T2,2.03.02.03,Alienação de Bônus de Subscrição,0.0
2016-06-30,T2,2.03.02.04,Opções Outorgadas,5197.0
2016-06-30,T2,2.03.02.05,Ações em Tesouraria,0.0
2016-06-30,T2,2.03.02.06,Adiantamento para Futuro Aumento de Capital,0.0
2016-06-30,T2,2.03.03,Reservas de Reavaliação,0.0
2016-06-30,T2,2.03.04,Reservas de Lucros,733399.0
2016-06-30,T2,2.03.04.01,Reserva Legal,60553.0
2016-06-30,T2,2.03.04.02,Reserva Estatutária,672846.0
2016-06-30,T2,2.03.04.03,Reserva para Contingências,0.0
2016-06-30,T2,2.03.04.04,Reserva de Lucros a Realizar,0.0
2016-06-30,T2,2.03.04.05,Reserva de Retenção de Lucros,0.0
2016-06-30,T2,2.03.04.06,Reserva Especial para Dividendos Não Distribuídos,0.0
2016-06-30,T2,2.03.04.07,Reserva de Incentivos Fiscais,0.0
2016-06-30,T2,2.03.04.08,Dividendo Adicional Proposto,0.0
2016-06-30,T2,2.03.04.09,Ações em Tesouraria,0.0
2016-06-30,T2,2.03.05,Lucros/Prejuízos Acumulados,-4670.0
2016-06-30,T2,2.03.06,Ajustes de Avaliação Patrimonial,483889.0
2016-06-30,T2,2.03.07,Ajustes Acumulados de Conversão,0.0
2016-06-30,T2,2.03.08,Outros Resultados Abrangentes,0.0
2016-06-30,T2,2.03.09,Participação dos Acionistas Não Controladores,0.0
2016-09-30,T3,2,Passivo Total,4965407.0
2016-09-30,T3,2.01,Passivo Circulante,928007.0
2016-09-30,T3,2.01.01,Obrigações Sociais e Trabalhistas,119688.0
2016-09-30,T3,2.01.01.01,Obrigações Sociais,11905.0
2016-09-30,T3,2.01.01.02,Obrigações Trabalhistas,107783.0
2016-09-30,T3,2.01.02,Fornecedores,301855.0
2016-09-30,T3,2.01.02.01,Fornecedores Nacionais,152246.0
2016-09-30,T3,2.01.02.02,Fornecedores Estrangeiros,149609.0
2016-09-30,T3,2.01.03,Obrigações Fiscais,33578.0
2016-09-30,T3,2.01.03.01,Obrigações Fiscais Federais,33191.0
2016-09-30,T3,2.01.03.01.01,Imposto de Renda e Contribuição Social a Pagar,17061.0
2016-09-30,T3,2.01.03.01.02,Demais Tributos Federais a Pagar,16130.0
2016-09-30,T3,2.01.03.02,Obrigações Fiscais Estaduais,299.0
2016-09-30,T3,2.01.03.03,Obrigações Fiscais Municipais,88.0
2016-09-30,T3,2.01.04,Empréstimos e Financiamentos,284989.0
2016-09-30,T3,2.01.04.01,Empréstimos e Financiamentos,284989.0
2016-09-30,T3,2.01.04.01.01,Em Moeda Nacional,117060.0
2016-09-30,T3,2.01.04.01.02,Em Moeda Estrangeira,167929.0
2016-09-30,T3,2.01.04.02,Debêntures,0.0
2016-09-30,T3,2.01.04.03,Financiamento por Arrendamento Financeiro,0.0
2016-09-30,T3,2.01.05,Outras Obrigações,164248.0
2016-09-30,T3,2.01.05.01,Passivos com Partes Relacionadas,0.0
2016-09-30,T3,2.01.05.01.01,Débitos com Coligadas,0.0
2016-09-30,T3,2.01.05.01.03,Débitos com Controladores,0.0
2016-09-30,T3,2.01.05.01.04,Débitos com Outras Partes Relacionadas,0.0
2016-09-30,T3,2.01.05.02,Outros,164248.0
2016-09-30,T3,2.01.05.02.01,Dividendos e JCP a Pagar,0.0
2016-09-30,T3,2.01.05.02.02,Dividendo Mínimo Obrigatório a Pagar,41.0
2016-09-30,T3,2.01.05.02.03,Obrigações por Pagamentos Baseados em Ações,0.0
2016-09-30,T3,2.01.05.02.04,Financiamentos de Impostos e Encargos Sociais,0.0
2016-09-30,T3,2.01.05.02.05,Adiantamentos de Clientes,93009.0
2016-09-30,T3,2.01.05.02.06,Títulos a Pagar e Outros,69589.0
2016-09-30,T3,2.01.05.02.07,Instrumentos Financeiros Derivativos,1609.0
2016-09-30,T3,2.01.06,Provisões,23649.0
2016-09-30,T3,2.01.06.01,Provisões Fiscais Previdenciárias Trabalhistas e Cíveis,23649.0
2016-09-30,T3,2.01.06.01.01,Provisões Fiscais,0.0
2016-09-30,T3,2.01.06.01.02,Provisões Previdenciárias e Trabalhistas,23649.0
2016-09-30,T3,2.01.06.01.03,Provisões para Benefícios a Empregados,0.0
2016-09-30,T3,2.01.06.01.04,Provisões Cíveis,0.0
2016-09-30,T3,2.01.06.02,Outras Provisões,0.0
2016-09-30,T3,2.01.06.02.01,Provisões para Garantias,0.0
2016-09-30,T3,2.01.06.02.02,Provisões para Reestruturação,0.0
2016-09-30,T3,2.01.06.02.03,Provisões para Passivos Ambientais e de Desativação,0.0
2016-09-30,T3,2.01.07,Passivos sobre Ativos Não-Correntes a Venda e Descontinuados,0.0
2016-09-30,T3,2.01.07.01,Passivos sobre Ativos Não-Correntes a Venda,0.0
2016-09-30,T3,2.01.07.02,Passivos sobre Ativos de Operações Descontinuadas,0.0
2016-09-30,T3,2.02,Passivo Não Circulante,1790810.0
2016-09-30,T3,2.02.01,Empréstimos e Financiamentos,1619571.0
2016-09-30,T3,2.02.01.01,Empréstimos e Financiamentos,1619571.0
2016-09-30,T3,2.02.01.01.01,Em Moeda Nacional,415689.0
2016-09-30,T3,2.02.01.01.02,Em Moeda Estrangeira,1203882.0
2016-09-30,T3,2.02.01.02,Debêntures,0.0
2016-09-30,T3,2.02.01.03,Financiamento por Arrendamento Financeiro,0.0
2016-09-30,T3,2.02.02,Outras Obrigações,30443.0
2016-09-30,T3,2.02.02.01,Passivos com Partes Relacionadas,0.0
2016-09-30,T3,2.02.02.01.01,Débitos com Coligadas,0.0
2016-09-30,T3,2.02.02.01.03,Débitos com Controladores,0.0
2016-09-30,T3,2.02.02.01.04,Débitos com Outras Partes Relacionadas,0.0
2016-09-30,T3,2.02.02.02,Outros,30443.0
2016-09-30,T3,2.02.02.02.01,Obrigações por Pagamentos Baseados em Ações,0.0
2016-09-30,T3,2.02.02.02.02,Adiantamento para Futuro Aumento de Capital,0.0
2016-09-30,T3,2.02.02.02.03,Financiamentos de Impostos e Encargos Sociais,0.0
2016-09-30,T3,2.02.02.02.04,Outros passivos de Longo Prazo,3747.0
2016-09-30,T3,2.02.02.02.05,Obrigações de Benefícios de Aposentadoria,26696.0
2016-09-30,T3,2.02.02.02.06,Instrumentos Financeiros Derivativos,0.0
2016-09-30,T3,2.02.03,Tributos Diferidos,65975.0
2016-09-30,T3,2.02.03.01,Imposto de Renda e Contribuição Social Diferidos,65975.0
2016-09-30,T3,2.02.04,Provisões,74821.0
2016-09-30,T3,2.02.04.01,Provisões Fiscais Previdenciárias Trabalhistas e Cíveis,74821.0
2016-09-30,T3,2.02.04.01.01,Provisões Fiscais,16865.0
2016-09-30,T3,2.02.04.01.02,Provisões Previdenciárias e Trabalhistas,9238.0
2016-09-30,T3,2.02.04.01.03,Provisões para Benefícios a Empregados,0.0
2016-09-30,T3,2.02.04.01.04,Provisões Cíveis,48718.0
2016-09-30,T3,2.02.04.02,Outras Provisões,0.0
2016-09-30,T3,2.02.04.02.01,Provisões para Garantias,0.0
2016-09-30,T3,2.02.04.02.02,Provisões para Reestruturação,0.0
2016-09-30,T3,2.02.04.02.03,Provisões para Passivos Ambientais e de Desativação,0.0
2016-09-30,T3,2.02.05,Passivos sobre Ativos Não-Correntes a Venda e Descontinuados,0.0
2016-09-30,T3,2.02.05.01,Passivos sobre Ativos Não-Correntes a Venda,0.0
2016-09-30,T3,2.02.05.02,Passivos sobre Ativos de Operações Descontinuadas,0.0
2016-09-30,T3,2.02.06,Lucros e Receitas a Apropriar,0.0
2016-09-30,T3,2.02.06.01,Lucros a Apropriar,0.0
2016-09-30,T3,2.02.06.02,Receitas a Apropriar,0.0
2016-09-30,T3,2.02.06.03,Subvenções de Investimento a Apropriar,0.0
2016-09-30,T3,2.03,Patrimônio Líquido Consolidado,2246590.0
2016-09-30,T3,2.03.01,Capital Social Realizado,1053760.0
2016-09-30,T3,2.03.02,Reservas de Capital,5923.0
2016-09-30,T3,2.03.02.01,Ágio na Emissão de Ações,0.0
2016-09-30,T3,2.03.02.02,Reserva Especial de Ágio na Incorporação,0.0
2016-09-30,T3,2.03.02.03,Alienação de Bônus de Subscrição,0.0
2016-09-30,T3,2.03.02.04,Opções Outorgadas,5923.0
2016-09-30,T3,2.03.02.05,Ações em Tesouraria,0.0
2016-09-30,T3,2.03.02.06,Adiantamento para Futuro Aumento de Capital,0.0
2016-09-30,T3,2.03.03,Reservas de Reavaliação,0.0
2016-09-30,T3,2.03.04,Reservas de Lucros,690041.0
2016-09-30,T3,2.03.04.01,Reserva Legal,60553.0
2016-09-30,T3,2.03.04.02,Reserva Estatutária,629488.0
2016-09-30,T3,2.03.04.03,Reserva para Contingências,0.0
2016-09-30,T3,2.03.04.04,Reserva de Lucros a Realizar,0.0
2016-09-30,T3,2.03.04.05,Reserva de Retenção de Lucros,0.0
2016-09-30,T3,2.03.04.06,Reserva Especial para Dividendos Não Distribuídos,0.0
2016-09-30,T3,2.03.04.07,Reserva de Incentivos Fiscais,0.0
2016-09-30,T3,2.03.04.08,Dividendo Adicional Proposto,0.0
2016-09-30,T3,2.03.04.09,Ações em Tesouraria,0.0
2016-09-30,T3,2.03.05,Lucros/Prejuízos Acumulados,7063.0
2016-09-30,T3,2.03.06,Ajustes de Avaliação Patrimonial,489803.0
2016-09-30,T3,2.03.07,Ajustes Acumulados de Conversão,0.0
2016-09-30,T3,2.03.08,Outros Resultados Abrangentes,0.0
2016-09-30,T3,2.03.09,Participação dos Acionistas Não Controladores,0.0
2017-03-31,T1,2,Passivo Total,4723367.0
2017-03-31,T1,2.01,Passivo Circulante,1008256.0
2017-03-31,T1,2.01.01,Obrigações Sociais e Trabalhistas,110061.0
2017-03-31,T1,2.01.01.01,Obrigações Sociais,15094.0
2017-03-31,T1,2.01.01.02,Obrigações Trabalhistas,94967.0
2017-03-31,T1,2.01.02,Fornecedores,324696.0
2017-03-31,T1,2.01.02.01,Fornecedores Nacionais,170618.0
2017-03-31,T1,2.01.02.02,Fornecedores Estrangeiros,154078.0
2017-03-31,T1,2.01.03,Obrigações Fiscais,37822.0
2017-03-31,T1,2.01.03.01,Obrigações Fiscais Federais,37170.0
2017-03-31,T1,2.01.03.01.01,Imposto de Renda e Contribuição Social a Pagar,18358.0
2017-03-31,T1,2.01.03.01.02,Demais Tributos Federais a Pagar,18812.0
2017-03-31,T1,2.01.03.02,Obrigações Fiscais Estaduais,474.0
2017-03-31,T1,2.01.03.03,Obrigações Fiscais Municipais,178.0
2017-03-31,T1,2.01.04,Empréstimos e Financiamentos,306567.0
2017-03-31,T1,2.01.04.01,Empréstimos e Financiamentos,306567.0
2017-03-31,T1,2.01.04.01.01,Em Moeda Nacional,144026.0
2017-03-31,T1,2.01.04.01.02,Em Moeda Estrangeira,162541.0
2017-03-31,T1,2.01.04.02,Debêntures,0.0
2017-03-31,T1,2.01.04.03,Financiamento por Arrendamento Financeiro,0.0
2017-03-31,T1,2.01.05,Outras Obrigações,204663.0
2017-03-31,T1,2.01.05.01,Passivos com Partes Relacionadas,0.0
2017-03-31,T1,2.01.05.01.01,Débitos com Coligadas,0.0
2017-03-31,T1,2.01.05.01.03,Débitos com Controladores,0.0
2017-03-31,T1,2.01.05.01.04,Débitos com Outras Partes Relacionadas,0.0
2017-03-31,T1,2.01.05.02,Outros,204663.0
2017-03-31,T1,2.01.05.02.01,Dividendos e JCP a Pagar,0.0
2017-03-31,T1,2.01.05.02.02,Dividendo Mínimo Obrigatório a Pagar,15372.0
2017-03-31,T1,2.01.05.02.03,Obrigações por Pagamentos Baseados em Ações,0.0
2017-03-31,T1,2.01.05.02.04,Financiamentos de Impostos e Encargos Sociais,0.0
2017-03-31,T1,2.01.05.02.05,Adiantamentos de Clientes,88452.0
2017-03-31,T1,2.01.05.02.06,Títulos a Pagar e Outros,99831.0
2017-03-31,T1,2.01.05.02.07,Instrumentos Financeiros Derivativos,1008.0
2017-03-31,T1,2.01.06,Provisões,24447.0
2017-03-31,T1,2.01.06.01,Provisões Fiscais Previdenciárias Trabalhistas e Cíveis,24447.0
2017-03-31,T1,2.01.06.01.01,Provisões Fiscais,0.0
2017-03-31,T1,2.01.06.01.02,Provisões Previdenciárias e Trabalhistas,24447.0
2017-03-31,T1,2.01.06.01.03,Provisões para Benefícios a Empregados,0.0
2017-03-31,T1,2.01.06.01.04,Provisões Cíveis,0.0
2017-03-31,T1,2.01.06.02,Outras Provisões,0.0
2017-03-31,T1,2.01.06.02.01,Provisões para Garantias,0.0
2017-03-31,T1,2.01.06.02.02,Provisões para Reestruturação,0.0
2017-03-31,T1,2.01.06.02.03,Provisões para Passivos Ambientais e de Desativação,0.0
2017-03-31,T1,2.01.07,Passivos sobre Ativos Não-Correntes a Venda e Descontinuados,0.0
2017-03-31,T1,2.01.07.01,Passivos sobre Ativos Não-Correntes a Venda,0.0
2017-03-31,T1,2.01.07.02,Passivos sobre Ativos de Operações Descontinuadas,0.0
2017-03-31,T1,2.02,Passivo Não Circulante,1674632.0
2017-03-31,T1,2.02.01,Empréstimos e Financiamentos,1519607.0
2017-03-31,T1,2.02.01.01,Empréstimos e Financiamentos,1519607.0
2017-03-31,T1,2.02.01.01.01,Em Moeda Nacional,416267.0
2017-03-31,T1,2.02.01.01.02,Em Moeda Estrangeira,1103340.0
2017-03-31,T1,2.02.01.02,Debêntures,0.0
2017-03-31,T1,2.02.01.03,Financiamento por Arrendamento Financeiro,0.0
2017-03-31,T1,2.02.02,Outras Obrigações,28581.0
2017-03-31,T1,2.02.02.01,Passivos com Partes Relacionadas,0.0
2017-03-31,T1,2.02.02.01.01,Débitos com Coligadas,0.0
2017-03-31,T1,2.02.02.01.03,Débitos com Controladores,0.0
2017-03-31,T1,2.02.02.01.04,Débitos com Outras Partes Relacionadas,0.0
2017-03-31,T1,2.02.02.02,Outros,28581.0
2017-03-31,T1,2.02.02.02.01,Obrigações por Pagamentos Baseados em Ações,0.0
2017-03-31,T1,2.02.02.02.02,Adiantamento para Futuro Aumento de Capital,0.0
2017-03-31,T1,2.02.02.02.03,Financiamentos de Impostos e Encargos Sociais,0.0
2017-03-31,T1,2.02.02.02.04,Outros passivos de Longo Prazo,2739.0
2017-03-31,T1,2.02.02.02.05,Obrigações de Benefícios de Aposentadoria,25842.0
2017-03-31,T1,2.02.02.02.06,Instrumentos Financeiros Derivativos,0.0
2017-03-31,T1,2.02.03,Tributos Diferidos,0.0
2017-03-31,T1,2.02.03.01,Imposto de Renda e Contribuição Social Diferidos,0.0
2017-03-31,T1,2.02.04,Provisões,126444.0
2017-03-31,T1,2.02.04.01,Provisões Fiscais Previdenciárias Trabalhistas e Cíveis,126444.0
2017-03-31,T1,2.02.04.01.01,Provisões Fiscais,44769.0
2017-03-31,T1,2.02.04.01.02,Provisões Previdenciárias e Trabalhistas,34350.0
2017-03-31,T1,2.02.04.01.03,Provisões para Benefícios a Empregados,0.0
2017-03-31,T1,2.02.04.01.04,Provisões Cíveis,47325.0
2017-03-31,T1,2.02.04.02,Outras Provisões,0.0
2017-03-31,T1,2.02.04.02.01,Provisões para Garantias,0.0
2017-03-31,T1,2.02.04.02.02,Provisões para Reestruturação,0.0
2017-03-31,T1,2.02.04.02.03,Provisões para Passivos Ambientais e de Desativação,0.0
2017-03-31,T1,2.02.05,Passivos sobre Ativos Não-Correntes a Venda e Descontinuados,0.0
2017-03-31,T1,2.02.05.01,Passivos sobre Ativos Não-Correntes a Venda,0.0
2017-03-31,T1,2.02.05.02,Passivos sobre Ativos de Operações Descontinuadas,0.0
2017-03-31,T1,2.02.06,Lucros e Receitas a Apropriar,0.0
2017-03-31,T1,2.02.06.01,Lucros a Apropriar,0.0
2017-03-31,T1,2.02.06.02,Receitas a Apropriar,0.0
2017-03-31,T1,2.02.06.03,Subvenções de Investimento a Apropriar,0.0
2017-03-31,T1,2.03,Patrimônio Líquido Consolidado,2040479.0
2017-03-31,T1,2.03.01,Capital Social Realizado,1053760.0
2017-03-31,T1,2.03.02,Reservas de Capital,8654.0
2017-03-31,T1,2.03.02.01,Ágio na Emissão de Ações,0.0
2017-03-31,T1,2.03.02.02,Reserva Especial de Ágio na Incorporação,0.0
2017-03-31,T1,2.03.02.03,Alienação de Bônus de Subscrição,0.0
2017-03-31,T1,2.03.02.04,Opções Outorgadas,8654.0
2017-03-31,T1,2.03.02.05,Ações em Tesouraria,0.0
2017-03-31,T1,2.03.02.06,Adiantamento para Futuro Aumento de Capital,0.0
2017-03-31,T1,2.03.03,Reservas de Reavaliação,0.0
2017-03-31,T1,2.03.04,Reservas de Lucros,463666.0
2017-03-31,T1,2.03.04.01,Reserva Legal,60553.0
2017-03-31,T1,2.03.04.02,Reserva Estatutária,403113.0
2017-03-31,T1,2.03.04.03,Reserva para Contingências,0.0
2017-03-31,T1,2.03.04.04,Reserva de Lucros a Realizar,0.0
2017-03-31,T1,2.03.04.05,Reserva de Retenção de Lucros,0.0
2017-03-31,T1,2.03.04.06,Reserva Especial para Dividendos Não Distribuídos,0.0
2017-03-31,T1,2.03.04.07,Reserva de Incentivos Fiscais,0.0
2017-03-31,T1,2.03.04.08,Dividendo Adicional Proposto,0.0
2017-03-31,T1,2.03.04.09,Ações em Tesouraria,0.0
2017-03-31,T1,2.03.05,Lucros/Prejuízos Acumulados,49742.0
2017-03-31,T1,2.03.06,Ajustes de Avaliação Patrimonial,464657.0
2017-03-31,T1,2.03.07,Ajustes Acumulados de Conversão,0.0
2017-03-31,T1,2.03.08,Outros Resultados Abrangentes,0.0
2017-03-31,T1,2.03.09,Participação dos Acionistas Não Controladores,0.0
2017-06-30,T2,2,Passivo Total,4714038.0
2017-06-30,T2,2.01,Passivo Circulante,967603.0
2017-06-30,T2,2.01.01,Obrigações Sociais e Trabalhistas,121175.0
2017-06-30,T2,2.01.01.01,Obrigações Sociais,15827.0
2017-06-30,T2,2.01.01.02,Obrigações Trabalhistas,105348.0
2017-06-30,T2,2.01.02,Fornecedores,369959.0
2017-06-30,T2,2.01.02.01,Fornecedores Nacionais,178053.0
2017-06-30,T2,2.01.02.02,Fornecedores Estrangeiros,191906.0
2017-06-30,T2,2.01.03,Obrigações Fiscais,21119.0
2017-06-30,T2,2.01.03.01,Obrigações Fiscais Federais,20877.0
2017-06-30,T2,2.01.03.01.01,Imposto de Renda e Contribuição Social a Pagar,528.0
2017-06-30,T2,2.01.03.01.02,Demais Tributos Federais a Pagar,20349.0
2017-06-30,T2,2.01.03.02,Obrigações Fiscais Estaduais,163.0
2017-06-30,T2,2.01.03.03,Obrigações Fiscais Municipais,79.0
2017-06-30,T2,2.01.04,Empréstimos e Financiamentos,260426.0
2017-06-30,T2,2.01.04.01,Empréstimos e Financiamentos,260426.0
2017-06-30,T2,2.01.04.01.01,Em Moeda Nacional,145108.0
2017-06-30,T2,2.01.04.01.02,Em Moeda Estrangeira,115318.0
2017-06-30,T2,2.01.04.02,Debêntures,0.0
2017-06-30,T2,2.01.04.03,Financiamento por Arrendamento Financeiro,0.0
2017-06-30,T2,2.01.05,Outras Obrigações,181160.0
2017-06-30,T2,2.01.05.01,Passivos com Partes Relacionadas,0.0
2017-06-30,T2,2.01.05.01.01,Débitos com Coligadas,0.0
2017-06-30,T2,2.01.05.01.03,Débitos com Controladores,0.0
2017-06-30,T2,2.01.05.01.04,Débitos com Outras Partes Relacionadas,0.0
2017-06-30,T2,2.01.05.02,Outros,181160.0
2017-06-30,T2,2.01.05.02.01,Dividendos e JCP a Pagar,0.0
2017-06-30,T2,2.01.05.02.02,Dividendo Mínimo Obrigatório a Pagar,3980.0
2017-06-30,T2,2.01.05.02.03,Obrigações por Pagamentos Baseados em Ações,0.0
2017-06-30,T2,2.01.05.02.04,Financiamentos de Impostos e Encargos Sociais,0.0
2017-06-30,T2,2.01.05.02.05,Adiantamentos de Clientes,69683.0
2017-06-30,T2,2.01.05.02.06,Títulos a Pagar e Outros,105075.0
2017-06-30,T2,2.01.05.02.07,Instrumentos Financeiros Derivativos,2422.0
2017-06-30,T2,2.01.06,Provisões,13764.0
2017-06-30,T2,2.01.06.01,Provisões Fiscais Previdenciárias Trabalhistas e Cíveis,13764.0
2017-06-30,T2,2.01.06.01.01,Provisões Fiscais,0.0
2017-06-30,T2,2.01.06.01.02,Provisões Previdenciárias e Trabalhistas,13764.0
2017-06-30,T2,2.01.06.01.03,Provisões para Benefícios a Empregados,0.0
2017-06-30,T2,2.01.06.01.04,Provisões Cíveis,0.0
2017-06-30,T2,2.01.06.02,Outras Provisões,0.0
2017-06-30,T2,2.01.06.02.01,Provisões para Garantias,0.0
2017-06-30,T2,2.01.06.02.02,Provisões para Reestruturação,0.0
2017-06-30,T2,2.01.06.02.03,Provisões para Passivos Ambientais e de Desativação,0.0
2017-06-30,T2,2.01.07,Passivos sobre Ativos Não-Correntes a Venda e Descontinuados,0.0
2017-06-30,T2,2.01.07.01,Passivos sobre Ativos Não-Correntes a Venda,0.0
2017-06-30,T2,2.01.07.02,Passivos sobre Ativos de Operações Descontinuadas,0.0
2017-06-30,T2,2.02,Passivo Não Circulante,1710255.0
2017-06-30,T2,2.02.01,Empréstimos e Financiamentos,1555896.0
2017-06-30,T2,2.02.01.01,Empréstimos e Financiamentos,1555896.0
2017-06-30,T2,2.02.01.01.01,Em Moeda Nacional,405847.0
2017-06-30,T2,2.02.01.01.02,Em Moeda Estrangeira,1150049.0
2017-06-30,T2,2.02.01.02,Debêntures,0.0
2017-06-30,T2,2.02.01.03,Financiamento por Arrendamento Financeiro,0.0
2017-06-30,T2,2.02.02,Outras Obrigações,31340.0
2017-06-30,T2,2.02.02.01,Passivos com Partes Relacionadas,0.0
2017-06-30,T2,2.02.02.01.01,Débitos com Coligadas,0.0
2017-06-30,T2,2.02.02.01.03,Débitos com Controladores,0.0
2017-06-30,T2,2.02.02.01.04,Débitos com Outras Partes Relacionadas,0.0
2017-06-30,T2,2.02.02.02,Outros,31340.0
2017-06-30,T2,2.02.02.02.01,Obrigações por Pagamentos Baseados em Ações,0.0
2017-06-30,T2,2.02.02.02.02,Adiantamento para Futuro Aumento de Capital,0.0
2017-06-30,T2,2.02.02.02.03,Financiamentos de Impostos e Encargos Sociais,0.0
2017-06-30,T2,2.02.02.02.04,Outros passivos de Longo Prazo,2235.0
2017-06-30,T2,2.02.02.02.05,Obrigações de Benefícios de Aposentadoria,29105.0
2017-06-30,T2,2.02.02.02.06,Instrumentos Financeiros Derivativos,0.0
2017-06-30,T2,2.02.03,Tributos Diferidos,0.0
2017-06-30,T2,2.02.03.01,Imposto de Renda e Contribuição Social Diferidos,0.0
2017-06-30,T2,2.02.04,Provisões,123019.0
2017-06-30,T2,2.02.04.01,Provisões Fiscais Previdenciárias Trabalhistas e Cíveis,123019.0
2017-06-30,T2,2.02.04.01.01,Provisões Fiscais,42782.0
2017-06-30,T2,2.02.04.01.02,Provisões Previdenciárias e Trabalhistas,33217.0
2017-06-30,T2,2.02.04.01.03,Provisões para Benefícios a Empregados,0.0
2017-06-30,T2,2.02.04.01.04,Provisões Cíveis,47020.0
2017-06-30,T2,2.02.04.02,Outras Provisões,0.0
2017-06-30,T2,2.02.04.02.01,Provisões para Garantias,0.0
2017-06-30,T2,2.02.04.02.02,Provisões para Reestruturação,0.0
2017-06-30,T2,2.02.04.02.03,Provisões para Passivos Ambientais e de Desativação,0.0
2017-06-30,T2,2.02.05,Passivos sobre Ativos Não-Correntes a Venda e Descontinuados,0.0
2017-06-30,T2,2.02.05.01,Passivos sobre Ativos Não-Correntes a Venda,0.0
2017-06-30,T2,2.02.05.02,Passivos sobre Ativos de Operações Descontinuadas,0.0
2017-06-30,T2,2.02.06,Lucros e Receitas a Apropriar,0.0
2017-06-30,T2,2.02.06.01,Lucros a Apropriar,0.0
2017-06-30,T2,2.02.06.02,Receitas a Apropriar,0.0
2017-06-30,T2,2.02.06.03,Subvenções de Investimento a Apropriar,0.0
2017-06-30,T2,2.03,Patrimônio Líquido Consolidado,2036180.0
2017-06-30,T2,2.03.01,Capital Social Realizado,1053760.0
2017-06-30,T2,2.03.02,Reservas de Capital,9638.0
2017-06-30,T2,2.03.02.01,Ágio na Emissão de Ações,0.0
2017-06-30,T2,2.03.02.02,Reserva Especial de Ágio na Incorporação,0.0
2017-06-30,T2,2.03.02.03,Alienação de Bônus de Subscrição,0.0
2017-06-30,T2,2.03.02.04,Opções Outorgadas,9638.0
2017-06-30,T2,2.03.02.05,Ações em Tesouraria,0.0
2017-06-30,T2,2.03.02.06,Adiantamento para Futuro Aumento de Capital,0.0
2017-06-30,T2,2.03.03,Reservas de Reavaliação,0.0
2017-06-30,T2,2.03.04,Reservas de Lucros,413666.0
2017-06-30,T2,2.03.04.01,Reserva Legal,60553.0
2017-06-30,T2,2.03.04.02,Reserva Estatutária,353113.0
2017-06-30,T2,2.03.04.03,Reserva para Contingências,0.0
2017-06-30,T2,2.03.04.04,Reserva de Lucros a Realizar,0.0
2017-06-30,T2,2.03.04.05,Reserva de Retenção de Lucros,0.0
2017-06-30,T2,2.03.04.06,Reserva Especial para Dividendos Não Distribuídos,0.0
2017-06-30,T2,2.03.04.07,Reserva de Incentivos Fiscais,0.0
2017-06-30,T2,2.03.04.08,Dividendo Adicional Proposto,0.0
2017-06-30,T2,2.03.04.09,Ações em Tesouraria,0.0
2017-06-30,T2,2.03.05,Lucros/Prejuízos Acumulados,68103.0
2017-06-30,T2,2.03.06,Ajustes de Avaliação Patrimonial,491013.0
2017-06-30,T2,2.03.07,Ajustes Acumulados de Conversão,0.0
2017-06-30,T2,2.03.08,Outros Resultados Abrangentes,0.0
2017-06-30,T2,2.03.09,Participação dos Acionistas Não Controladores,0.0
2017-09-30,T3,2,Passivo Total,4572932.0
2017-09-30,T3,2.01,Passivo Circulante,923710.0
2017-09-30,T3,2.01.01,Obrigações Sociais e Trabalhistas,142294.0
2017-09-30,T3,2.01.01.01,Obrigações Sociais,13972.0
2017-09-30,T3,2.01.01.02,Obrigações Trabalhistas,128322.0
2017-09-30,T3,2.01.02,Fornecedores,389578.0
2017-09-30,T3,2.01.02.01,Fornecedores Nacionais,185482.0
2017-09-30,T3,2.01.02.02,Fornecedores Estrangeiros,204096.0
2017-09-30,T3,2.01.03,Obrigações Fiscais,20373.0
2017-09-30,T3,2.01.03.01,Obrigações Fiscais Federais,19968.0
2017-09-30,T3,2.01.03.01.01,Imposto de Renda e Contribuição Social a Pagar,360.0
2017-09-30,T3,2.01.03.01.02,Demais Tributos Federais a Pagar,19608.0
2017-09-30,T3,2.01.03.02,Obrigações Fiscais Estaduais,334.0
2017-09-30,T3,2.01.03.03,Obrigações Fiscais Municipais,71.0
2017-09-30,T3,2.01.04,Empréstimos e Financiamentos,200808.0
2017-09-30,T3,2.01.04.01,Empréstimos e Financiamentos,200808.0
2017-09-30,T3,2.01.04.01.01,Em Moeda Nacional,109215.0
2017-09-30,T3,2.01.04.01.02,Em Moeda Estrangeira,91593.0
2017-09-30,T3,2.01.04.02,Debêntures,0.0
2017-09-30,T3,2.01.04.03,Financiamento por Arrendamento Financeiro,0.0
2017-09-30,T3,2.01.05,Outras Obrigações,154451.0
2017-09-30,T3,2.01.05.01,Passivos com Partes Relacionadas,0.0
2017-09-30,T3,2.01.05.01.01,Débitos com Coligadas,0.0
2017-09-30,T3,2.01.05.01.03,Débitos com Controladores,0.0
2017-09-30,T3,2.01.05.01.04,Débitos com Outras Partes Relacionadas,0.0
2017-09-30,T3,2.01.05.02,Outros,154451.0
2017-09-30,T3,2.01.05.02.01,Dividendos e JCP a Pagar,0.0
2017-09-30,T3,2.01.05.02.02,Dividendo Mínimo Obrigatório a Pagar,67.0
2017-09-30,T3,2.01.05.02.03,Obrigações por Pagamentos Baseados em Ações,0.0
2017-09-30,T3,2.01.05.02.04,Financiamentos de Impostos e Encargos Sociais,0.0
2017-09-30,T3,2.01.05.02.05,Adiantamentos de Clientes,74396.0
2017-09-30,T3,2.01.05.02.06,Títulos a Pagar e Outros,79361.0
2017-09-30,T3,2.01.05.02.07,Instrumentos Financeiros Derivativos,627.0
2017-09-30,T3,2.01.06,Provisões,16206.0
2017-09-30,T3,2.01.06.01,Provisões Fiscais Previdenciárias Trabalhistas e Cíveis,16206.0
2017-09-30,T3,2.01.06.01.01,Provisões Fiscais,0.0
2017-09-30,T3,2.01.06.01.02,Provisões Previdenciárias e Trabalhistas,16206.0
2017-09-30,T3,2.01.06.01.03,Provisões para Benefícios a Empregados,0.0
2017-09-30,T3,2.01.06.01.04,Provisões Cíveis,0.0
2017-09-30,T3,2.01.06.02,Outras Provisões,0.0
2017-09-30,T3,2.01.06.02.01,Provisões para Garantias,0.0
2017-09-30,T3,2.01.06.02.02,Provisões para Reestruturação,0.0
2017-09-30,T3,2.01.06.02.03,Provisões para Passivos Ambientais e de Desativação,0.0
2017-09-30,T3,2.01.07,Passivos sobre Ativos Não-Correntes a Venda e Descontinuados,0.0
2017-09-30,T3,2.01.07.01,Passivos sobre Ativos Não-Correntes a Venda,0.0
2017-09-30,T3,2.01.07.02,Passivos sobre Ativos de Operações Descontinuadas,0.0
2017-09-30,T3,2.02,Passivo Não Circulante,1606592.0
2017-09-30,T3,2.02.01,Empréstimos e Financiamentos,1458223.0
2017-09-30,T3,2.02.01.01,Empréstimos e Financiamentos,1458223.0
2017-09-30,T3,2.02.01.01.01,Em Moeda Nacional,357390.0
2017-09-30,T3,2.02.01.01.02,Em Moeda Estrangeira,1100833.0
2017-09-30,T3,2.02.01.02,Debêntures,0.0
2017-09-30,T3,2.02.01.03,Financiamento por Arrendamento Financeiro,0.0
2017-09-30,T3,2.02.02,Outras Obrigações,30389.0
2017-09-30,T3,2.02.02.01,Passivos com Partes Relacionadas,0.0
2017-09-30,T3,2.02.02.01.01,Débitos com Coligadas,0.0
2017-09-30,T3,2.02.02.01.03,Débitos com Controladores,0.0
2017-09-30,T3,2.02.02.01.04,Débitos com Outras Partes Relacionadas,0.0
2017-09-30,T3,2.02.02.02,Outros,30389.0
2017-09-30,T3,2.02.02.02.01,Obrigações por Pagamentos Baseados em Ações,0.0
2017-09-30,T3,2.02.02.02.02,Adiantamento para Futuro Aumento de Capital,0.0
2017-09-30,T3,2.02.02.02.03,Financiamentos de Impostos e Encargos Sociais,0.0
2017-09-30,T3,2.02.02.02.04,Outros passivos de Longo Prazo,1731.0
2017-09-30,T3,2.02.02.02.05,Obrigações de Benefícios de Aposentadoria,28658.0
2017-09-30,T3,2.02.02.02.06,Instrumentos Financeiros Derivativos,0.0
2017-09-30,T3,2.02.03,Tributos Diferidos,0.0
2017-09-30,T3,2.02.03.01,Imposto de Renda e Contribuição Social Diferidos,0.0
2017-09-30,T3,2.02.04,Provisões,117980.0
2017-09-30,T3,2.02.04.01,Provisões Fiscais Previdenciárias Trabalhistas e Cíveis,117980.0
2017-09-30,T3,2.02.04.01.01,Provisões Fiscais,43425.0
2017-09-30,T3,2.02.04.01.02,Provisões Previdenciárias e Trabalhistas,27524.0
2017-09-30,T3,2.02.04.01.03,Provisões para Benefícios a Empregados,0.0
2017-09-30,T3,2.02.04.01.04,Provisões Cíveis,47031.0
2017-09-30,T3,2.02.04.02,Outras Provisões,0.0
2017-09-30,T3,2.02.04.02.01,Provisões para Garantias,0.0
2017-09-30,T3,2.02.04.02.02,Provisões para Reestruturação,0.0
2017-09-30,T3,2.02.04.02.03,Provisões para Passivos Ambientais e de Desativação,0.0
2017-09-30,T3,2.02.05,Passivos sobre Ativos Não-Correntes a Venda e Descontinuados,0.0
2017-09-30,T3,2.02.05.01,Passivos sobre Ativos Não-Correntes a Venda,0.0
2017-09-30,T3,2.02.05.02,Passivos sobre Ativos de Operações Descontinuadas,0.0
2017-09-30,T3,2.02.06,Lucros e Receitas a Apropriar,0.0
2017-09-30,T3,2.02.06.01,Lucros a Apropriar,0.0
2017-09-30,T3,2.02.06.02,Receitas a Apropriar,0.0
2017-09-30,T3,2.02.06.03,Subvenções de Investimento a Apropriar,0.0
2017-09-30,T3,2.03,Patrimônio Líquido Consolidado,2042630.0
2017-09-30,T3,2.03.01,Capital Social Realizado,1053760.0
2017-09-30,T3,2.03.02,Reservas de Capital,10577.0
2017-09-30,T3,2.03.02.01,Ágio na Emissão de Ações,0.0
2017-09-30,T3,2.03.02.02,Reserva Especial de Ágio na Incorporação,0.0
2017-09-30,T3,2.03.02.03,Alienação de Bônus de Subscrição,0.0
2017-09-30,T3,2.03.02.04,Opções Outorgadas,10577.0
2017-09-30,T3,2.03.02.05,Ações em Tesouraria,0.0
2017-09-30,T3,2.03.02.06,Adiantamento para Futuro Aumento de Capital,0.0
2017-09-30,T3,2.03.03,Reservas de Reavaliação,0.0
2017-09-30,T3,2.03.04,Reservas de Lucros,363666.0
2017-09-30,T3,2.03.04.01,Reserva Legal,60553.0
2017-09-30,T3,2.03.04.02,Reserva Estatutária,303113.0
2017-09-30,T3,2.03.04.03,Reserva para Contingências,0.0
2017-09-30,T3,2.03.04.04,Reserva de Lucros a Realizar,0.0
2017-09-30,T3,2.03.04.05,Reserva de Retenção de Lucros,0.0
2017-09-30,T3,2.03.04.06,Reserva Especial para Dividendos Não Distribuídos,0.0
2017-09-30,T3,2.03.04.07,Reserva de Incentivos Fiscais,0.0
2017-09-30,T3,2.03.04.08,Dividendo Adicional Proposto,0.0
2017-09-30,T3,2.03.04.09,Ações em Tesouraria,0.0
2017-09-30,T3,2.03.05,Lucros/Prejuízos Acumulados,146895.0
2017-09-30,T3,2.03.06,Ajustes de Avaliação Patrimonial,467732.0
2017-09-30,T3,2.03.07,Ajustes Acumulados de Conversão,0.0
2017-09-30,T3,2.03.08,Outros Resultados Abrangentes,0.0
2017-09-30,T3,2.03.09,Participação dos Acionistas Não Controladores,0.0
2018-03-31,T1,2,Passivo Total,4343558.0
2018-03-31,T1,2.01,Passivo Circulante,951641.0
2018-03-31,T1,2.01.01,Obrigações Sociais e Trabalhistas,125902.0
2018-03-31,T1,2.01.01.01,Obrigações Sociais,17085.0
2018-03-31,T1,2.01.01.02,Obrigações Trabalhistas,108817.0
2018-03-31,T1,2.01.02,Fornecedores,504302.0
2018-03-31,T1,2.01.02.01,Fornecedores Nacionais,221370.0
2018-03-31,T1,2.01.02.02,Fornecedores Estrangeiros,282932.0
2018-03-31,T1,2.01.03,Obrigações Fiscais,33825.0
2018-03-31,T1,2.01.03.01,Obrigações Fiscais Federais,33419.0
2018-03-31,T1,2.01.03.01.01,Imposto de Renda e Contribuição Social a Pagar,5219.0
2018-03-31,T1,2.01.03.01.02,Demais Tributos Federais a Pagar,28200.0
2018-03-31,T1,2.01.03.02,Obrigações Fiscais Estaduais,355.0
2018-03-31,T1,2.01.03.03,Obrigações Fiscais Municipais,51.0
2018-03-31,T1,2.01.04,Empréstimos e Financiamentos,130699.0
2018-03-31,T1,2.01.04.01,Empréstimos e Financiamentos,130699.0
2018-03-31,T1,2.01.04.01.01,Em Moeda Nacional,112101.0
2018-03-31,T1,2.01.04.01.02,Em Moeda Estrangeira,18598.0
2018-03-31,T1,2.01.04.02,Debêntures,0.0
2018-03-31,T1,2.01.04.03,Financiamento por Arrendamento Financeiro,0.0
2018-03-31,T1,2.01.05,Outras Obrigações,142329.0
2018-03-31,T1,2.01.05.01,Passivos com Partes Relacionadas,0.0
2018-03-31,T1,2.01.05.01.01,Débitos com Coligadas,0.0
2018-03-31,T1,2.01.05.01.03,Débitos com Controladores,0.0
2018-03-31,T1,2.01.05.01.04,Débitos com Outras Partes Relacionadas,0.0
2018-03-31,T1,2.01.05.02,Outros,142329.0
2018-03-31,T1,2.01.05.02.01,Dividendos e JCP a Pagar,0.0
2018-03-31,T1,2.01.05.02.02,Dividendo Mínimo Obrigatório a Pagar,89.0
2018-03-31,T1,2.01.05.02.03,Obrigações por Pagamentos Baseados em Ações,0.0
2018-03-31,T1,2.01.05.02.04,Financiamentos de Impostos e Encargos Sociais,0.0
2018-03-31,T1,2.01.05.02.05,Adiantamentos de Clientes,68346.0
2018-03-31,T1,2.01.05.02.06,Títulos a Pagar e Outros,73572.0
2018-03-31,T1,2.01.05.02.07,Instrumentos Financeiros Derivativos,322.0
2018-03-31,T1,2.01.06,Provisões,14584.0
2018-03-31,T1,2.01.06.01,Provisões Fiscais Previdenciárias Trabalhistas e Cíveis,14584.0
2018-03-31,T1,2.01.06.01.01,Provisões Fiscais,0.0
2018-03-31,T1,2.01.06.01.02,Provisões Previdenciárias e Trabalhistas,14584.0
2018-03-31,T1,2.01.06.01.03,Provisões para Benefícios a Empregados,0.0
2018-03-31,T1,2.01.06.01.04,Provisões Cíveis,0.0
2018-03-31,T1,2.01.06.02,Outras Provisões,0.0
2018-03-31,T1,2.01.06.02.01,Provisões para Garantias,0.0
2018-03-31,T1,2.01.06.02.02,Provisões para Reestruturação,0.0
2018-03-31,T1,2.01.06.02.03,Provisões para Passivos Ambientais e de Desativação,0.0
2018-03-31,T1,2.01.07,Passivos sobre Ativos Não-Correntes a Venda e Descontinuados,0.0
2018-03-31,T1,2.01.07.01,Passivos sobre Ativos Não-Correntes a Venda,0.0
2018-03-31,T1,2.01.07.02,Passivos sobre Ativos de Operações Descontinuadas,0.0
2018-03-31,T1,2.02,Passivo Não Circulante,1344098.0
2018-03-31,T1,2.02.01,Empréstimos e Financiamentos,1170223.0
2018-03-31,T1,2.02.01.01,Empréstimos e Financiamentos,1170223.0
2018-03-31,T1,2.02.01.01.01,Em Moeda Nacional,14758.0
2018-03-31,T1,2.02.01.01.02,Em Moeda Estrangeira,1155465.0
2018-03-31,T1,2.02.01.02,Debêntures,0.0
2018-03-31,T1,2.02.01.03,Financiamento por Arrendamento Financeiro,0.0
2018-03-31,T1,2.02.02,Outras Obrigações,37905.0
2018-03-31,T1,2.02.02.01,Passivos com Partes Relacionadas,0.0
2018-03-31,T1,2.02.02.01.01,Débitos com Coligadas,0.0
2018-03-31,T1,2.02.02.01.03,Débitos com Controladores,0.0
2018-03-31,T1,2.02.02.01.04,Débitos com Outras Partes Relacionadas,0.0
2018-03-31,T1,2.02.02.02,Outros,37905.0
2018-03-31,T1,2.02.02.02.01,Obrigações por Pagamentos Baseados em Ações,0.0
2018-03-31,T1,2.02.02.02.02,Adiantamento para Futuro Aumento de Capital,0.0
2018-03-31,T1,2.02.02.02.03,Financiamentos de Impostos e Encargos Sociais,0.0
2018-03-31,T1,2.02.02.02.04,Outros passivos de Longo Prazo,6582.0
2018-03-31,T1,2.02.02.02.05,Obrigações de Benefícios de Aposentadoria,31323.0
2018-03-31,T1,2.02.02.02.06,Instrumentos Financeiros Derivativos,0.0
2018-03-31,T1,2.02.03,Tributos Diferidos,0.0
2018-03-31,T1,2.02.03.01,Imposto de Renda e Contribuição Social Diferidos,0.0
2018-03-31,T1,2.02.04,Provisões,135970.0
2018-03-31,T1,2.02.04.01,Provisões Fiscais Previdenciárias Trabalhistas e Cíveis,135970.0
2018-03-31,T1,2.02.04.01.01,Provisões Fiscais,68327.0
2018-03-31,T1,2.02.04.01.02,Provisões Previdenciárias e Trabalhistas,20353.0
2018-03-31,T1,2.02.04.01.03,Provisões para Benefícios a Empregados,0.0
2018-03-31,T1,2.02.04.01.04,Provisões Cíveis,47290.0
2018-03-31,T1,2.02.04.02,Outras Provisões,0.0
2018-03-31,T1,2.02.04.02.01,Provisões para Garantias,0.0
2018-03-31,T1,2.02.04.02.02,Provisões para Reestruturação,0.0
2018-03-31,T1,2.02.04.02.03,Provisões para Passivos Ambientais e de Desativação,0.0
2018-03-31,T1,2.02.05,Passivos sobre Ativos Não-Correntes a Venda e Descontinuados,0.0
2018-03-31,T1,2.02.05.01,Passivos sobre Ativos Não-Correntes a Venda,0.0
2018-03-31,T1,2.02.05.02,Passivos sobre Ativos de Operações Descontinuadas,0.0
2018-03-31,T1,2.02.06,Lucros e Receitas a Apropriar,0.0
2018-03-31,T1,2.02.06.01,Lucros a Apropriar,0.0
2018-03-31,T1,2.02.06.02,Receitas a Apropriar,0.0
2018-03-31,T1,2.02.06.03,Subvenções de Investimento a Apropriar,0.0
2018-03-31,T1,2.03,Patrimônio Líquido Consolidado,2047819.0
2018-03-31,T1,2.03.01,Capital Social Realizado,1053760.0
2018-03-31,T1,2.03.02,Reservas de Capital,9754.0
2018-03-31,T1,2.03.02.01,Ágio na Emissão de Ações,0.0
2018-03-31,T1,2.03.02.02,Reserva Especial de Ágio na Incorporação,0.0
2018-03-31,T1,2.03.02.03,Alienação de Bônus de Subscrição,0.0
2018-03-31,T1,2.03.02.04,Opções Outorgadas,9754.0
2018-03-31,T1,2.03.02.05,Ações em Tesouraria,0.0
2018-03-31,T1,2.03.02.06,Adiantamento para Futuro Aumento de Capital,0.0
2018-03-31,T1,2.03.03,Reservas de Reavaliação,0.0
2018-03-31,T1,2.03.04,Reservas de Lucros,427961.0
2018-03-31,T1,2.03.04.01,Reserva Legal,68223.0
2018-03-31,T1,2.03.04.02,Reserva Estatutária,359764.0
2018-03-31,T1,2.03.04.03,Reserva para Contingências,0.0
2018-03-31,T1,2.03.04.04,Reserva de Lucros a Realizar,0.0
2018-03-31,T1,2.03.04.05,Reserva de Retenção de Lucros,0.0
2018-03-31,T1,2.03.04.06,Reserva Especial para Dividendos Não Distribuídos,0.0
2018-03-31,T1,2.03.04.07,Reserva de Incentivos Fiscais,0.0
2018-03-31,T1,2.03.04.08,Dividendo Adicional Proposto,0.0
2018-03-31,T1,2.03.04.09,Ações em Tesouraria,-26.0
2018-03-31,T1,2.03.05,Lucros/Prejuízos Acumulados,59335.0
2018-03-31,T1,2.03.06,Ajustes de Avaliação Patrimonial,497009.0
2018-03-31,T1,2.03.07,Ajustes Acumulados de Conversão,0.0
2018-03-31,T1,2.03.08,Outros Resultados Abrangentes,0.0
2018-03-31,T1,2.03.09,Participação dos Acionistas Não Controladores,0.0
2018-06-30,T2,2,Passivo Total,4792860.0
2018-06-30,T2,2.01,Passivo Circulante,1112084.0
2018-06-30,T2,2.01.01,Obrigações Sociais e Trabalhistas,149127.0
2018-06-30,T2,2.01.01.01,Obrigações Sociais,19883.0
2018-06-30,T2,2.01.01.02,Obrigações Trabalhistas,129244.0
2018-06-30,T2,2.01.02,Fornecedores,550562.0
2018-06-30,T2,2.01.02.01,Fornecedores Nacionais,225822.0
2018-06-30,T2,2.01.02.02,Fornecedores Estrangeiros,324740.0
2018-06-30,T2,2.01.03,Obrigações Fiscais,51204.0
2018-06-30,T2,2.01.03.01,Obrigações Fiscais Federais,50711.0
2018-06-30,T2,2.01.03.01.01,Imposto de Renda e Contribuição Social a Pagar,22161.0
2018-06-30,T2,2.01.03.01.02,Demais Tributos Federais a Pagar,28550.0
2018-06-30,T2,2.01.03.02,Obrigações Fiscais Estaduais,425.0
2018-06-30,T2,2.01.03.03,Obrigações Fiscais Municipais,68.0
2018-06-30,T2,2.01.04,Empréstimos e Financiamentos,146510.0
2018-06-30,T2,2.01.04.01,Empréstimos e Financiamentos,146510.0
2018-06-30,T2,2.01.04.01.01,Em Moeda Nacional,105170.0
2018-06-30,T2,2.01.04.01.02,Em Moeda Estrangeira,41340.0
2018-06-30,T2,2.01.04.02,Debêntures,0.0
2018-06-30,T2,2.01.04.03,Financiamento por Arrendamento Financeiro,0.0
2018-06-30,T2,2.01.05,Outras Obrigações,199452.0
2018-06-30,T2,2.01.05.01,Passivos com Partes Relacionadas,0.0
2018-06-30,T2,2.01.05.01.01,Débitos com Coligadas,0.0
2018-06-30,T2,2.01.05.01.03,Débitos com Controladores,0.0
2018-06-30,T2,2.01.05.01.04,Débitos com Outras Partes Relacionadas,0.0
2018-06-30,T2,2.01.05.02,Outros,199452.0
2018-06-30,T2,2.01.05.02.01,Dividendos e JCP a Pagar,0.0
2018-06-30,T2,2.01.05.02.02,Dividendo Mínimo Obrigatório a Pagar,97.0
2018-06-30,T2,2.01.05.02.03,Obrigações por Pagamentos Baseados em Ações,0.0
2018-06-30,T2,2.01.05.02.04,Financiamentos de Impostos e Encargos Sociais,0.0
2018-06-30,T2,2.01.05.02.05,Adiantamentos de Clientes,120247.0
2018-06-30,T2,2.01.05.02.06,Títulos a Pagar e Outros,68706.0
2018-06-30,T2,2.01.05.02.07,Instrumentos Financeiros Derivativos,10402.0
2018-06-30,T2,2.01.06,Provisões,15229.0
2018-06-30,T2,2.01.06.01,Provisões Fiscais Previdenciárias Trabalhistas e Cíveis,15229.0
2018-06-30,T2,2.01.06.01.01,Provisões Fiscais,0.0
2018-06-30,T2,2.01.06.01.02,Provisões Previdenciárias e Trabalhistas,15229.0
2018-06-30,T2,2.01.06.01.03,Provisões para Benefícios a Empregados,0.0
2018-06-30,T2,2.01.06.01.04,Provisões Cíveis,0.0
2018-06-30,T2,2.01.06.02,Outras Provisões,0.0
2018-06-30,T2,2.01.06.02.01,Provisões para Garantias,0.0
2018-06-30,T2,2.01.06.02.02,Provisões para Reestruturação,0.0
2018-06-30,T2,2.01.06.02.03,Provisões para Passivos Ambientais e de Desativação,0.0
2018-06-30,T2,2.01.07,Passivos sobre Ativos Não-Correntes a Venda e Descontinuados,0.0
2018-06-30,T2,2.01.07.01,Passivos sobre Ativos Não-Correntes a Venda,0.0
2018-06-30,T2,2.01.07.02,Passivos sobre Ativos de Operações Descontinuadas,0.0
2018-06-30,T2,2.02,Passivo Não Circulante,1520873.0
2018-06-30,T2,2.02.01,Empréstimos e Financiamentos,1354399.0
2018-06-30,T2,2.02.01.01,Empréstimos e Financiamentos,1354399.0
2018-06-30,T2,2.02.01.01.01,Em Moeda Nacional,13700.0
2018-06-30,T2,2.02.01.01.02,Em Moeda Estrangeira,1340699.0
2018-06-30,T2,2.02.01.02,Debêntures,0.0
2018-06-30,T2,2.02.01.03,Financiamento por Arrendamento Financeiro,0.0
2018-06-30,T2,2.02.02,Outras Obrigações,40515.0
2018-06-30,T2,2.02.02.01,Passivos com Partes Relacionadas,0.0
2018-06-30,T2,2.02.02.01.01,Débitos com Coligadas,0.0
2018-06-30,T2,2.02.02.01.03,Débitos com Controladores,0.0
2018-06-30,T2,2.02.02.01.04,Débitos com Outras Partes Relacionadas,0.0
2018-06-30,T2,2.02.02.02,Outros,40515.0
2018-06-30,T2,2.02.02.02.01,Obrigações por Pagamentos Baseados em Ações,0.0
2018-06-30,T2,2.02.02.02.02,Adiantamento para Futuro Aumento de Capital,0.0
2018-06-30,T2,2.02.02.02.03,Financiamentos de Impostos e Encargos Sociais,0.0
2018-06-30,T2,2.02.02.02.04,Outros passivos de Longo Prazo,5741.0
2018-06-30,T2,2.02.02.02.05,Obrigações de Benefícios de Aposentadoria,34774.0
2018-06-30,T2,2.02.02.02.06,Instrumentos Financeiros Derivativos,0.0
2018-06-30,T2,2.02.03,Tributos Diferidos,0.0
2018-06-30,T2,2.02.03.01,Imposto de Renda e Contribuição Social Diferidos,0.0
2018-06-30,T2,2.02.04,Provisões,125959.0
2018-06-30,T2,2.02.04.01,Provisões Fiscais Previdenciárias Trabalhistas e Cíveis,125959.0
2018-06-30,T2,2.02.04.01.01,Provisões Fiscais,55937.0
2018-06-30,T2,2.02.04.01.02,Provisões Previdenciárias e Trabalhistas,22738.0
2018-06-30,T2,2.02.04.01.03,Provisões para Benefícios a Empregados,0.0
2018-06-30,T2,2.02.04.01.04,Provisões Cíveis,47284.0
2018-06-30,T2,2.02.04.02,Outras Provisões,0.0
2018-06-30,T2,2.02.04.02.01,Provisões para Garantias,0.0
2018-06-30,T2,2.02.04.02.02,Provisões para Reestruturação,0.0
2018-06-30,T2,2.02.04.02.03,Provisões para Passivos Ambientais e de Desativação,0.0
2018-06-30,T2,2.02.05,Passivos sobre Ativos Não-Correntes a Venda e Descontinuados,0.0
2018-06-30,T2,2.02.05.01,Passivos sobre Ativos Não-Correntes a Venda,0.0
2018-06-30,T2,2.02.05.02,Passivos sobre Ativos de Operações Descontinuadas,0.0
2018-06-30,T2,2.02.06,Lucros e Receitas a Apropriar,0.0
2018-06-30,T2,2.02.06.01,Lucros a Apropriar,0.0
2018-06-30,T2,2.02.06.02,Receitas a Apropriar,0.0
2018-06-30,T2,2.02.06.03,Subvenções de Investimento a Apropriar,0.0
2018-06-30,T2,2.03,Patrimônio Líquido Consolidado,2159903.0
2018-06-30,T2,2.03.01,Capital Social Realizado,1053760.0
2018-06-30,T2,2.03.02,Reservas de Capital,10447.0
2018-06-30,T2,2.03.02.01,Ágio na Emissão de Ações,0.0
2018-06-30,T2,2.03.02.02,Reserva Especial de Ágio na Incorporação,0.0
2018-06-30,T2,2.03.02.03,Alienação de Bônus de Subscrição,0.0
2018-06-30,T2,2.03.02.04,Opções Outorgadas,10447.0
2018-06-30,T2,2.03.02.05,Ações em Tesouraria,0.0
2018-06-30,T2,2.03.02.06,Adiantamento para Futuro Aumento de Capital,0.0
2018-06-30,T2,2.03.03,Reservas de Reavaliação,0.0
2018-06-30,T2,2.03.04,Reservas de Lucros,390487.0
2018-06-30,T2,2.03.04.01,Reserva Legal,68223.0
2018-06-30,T2,2.03.04.02,Reserva Estatutária,322264.0
2018-06-30,T2,2.03.04.03,Reserva para Contingências,0.0
2018-06-30,T2,2.03.04.04,Reserva de Lucros a Realizar,0.0
2018-06-30,T2,2.03.04.05,Reserva de Retenção de Lucros,0.0
2018-06-30,T2,2.03.04.06,Reserva Especial para Dividendos Não Distribuídos,0.0
2018-06-30,T2,2.03.04.07,Reserva de Incentivos Fiscais,0.0
2018-06-30,T2,2.03.04.08,Dividendo Adicional Proposto,0.0
2018-06-30,T2,2.03.04.09,Ações em Tesouraria,0.0
2018-06-30,T2,2.03.05,Lucros/Prejuízos Acumulados,109920.0
2018-06-30,T2,2.03.06,Ajustes de Avaliação Patrimonial,595289.0
2018-06-30,T2,2.03.07,Ajustes Acumulados de Conversão,0.0
2018-06-30,T2,2.03.08,Outros Resultados Abrangentes,0.0
2018-06-30,T2,2.03.09,Participação dos Acionistas Não Controladores,0.0
2018-09-30,T3,2,Passivo Total,4955785.0
2018-09-30,T3,2.01,Passivo Circulante,1143087.0
2018-09-30,T3,2.01.01,Obrigações Sociais e Trabalhistas,181432.0
2018-09-30,T3,2.01.01.01,Obrigações Sociais,23450.0
2018-09-30,T3,2.01.01.02,Obrigações Trabalhistas,157982.0
2018-09-30,T3,2.01.02,Fornecedores,576245.0
2018-09-30,T3,2.01.02.01,Fornecedores Nacionais,239103.0
2018-09-30,T3,2.01.02.02,Fornecedores Estrangeiros,337142.0
2018-09-30,T3,2.01.03,Obrigações Fiscais,44527.0
2018-09-30,T3,2.01.03.01,Obrigações Fiscais Federais,44087.0
2018-09-30,T3,2.01.03.01.01,Imposto de Renda e Contribuição Social a Pagar,16238.0
2018-09-30,T3,2.01.03.01.02,Demais Tributos Federais a Pagar,27849.0
2018-09-30,T3,2.01.03.02,Obrigações Fiscais Estaduais,354.0
2018-09-30,T3,2.01.03.03,Obrigações Fiscais Municipais,86.0
2018-09-30,T3,2.01.04,Empréstimos e Financiamentos,121618.0
2018-09-30,T3,2.01.04.01,Empréstimos e Financiamentos,121618.0
2018-09-30,T3,2.01.04.01.01,Em Moeda Nacional,102792.0
2018-09-30,T3,2.01.04.01.02,Em Moeda Estrangeira,18826.0
2018-09-30,T3,2.01.04.02,Debêntures,0.0
2018-09-30,T3,2.01.04.03,Financiamento por Arrendamento Financeiro,0.0
2018-09-30,T3,2.01.05,Outras Obrigações,201474.0
2018-09-30,T3,2.01.05.01,Passivos com Partes Relacionadas,0.0
2018-09-30,T3,2.01.05.01.01,Débitos com Coligadas,0.0
2018-09-30,T3,2.01.05.01.03,Débitos com Controladores,0.0
2018-09-30,T3,2.01.05.01.04,Débitos com Outras Partes Relacionadas,0.0
2018-09-30,T3,2.01.05.02,Outros,201474.0
2018-09-30,T3,2.01.05.02.01,Dividendos e JCP a Pagar,0.0
2018-09-30,T3,2.01.05.02.02,Dividendo Mínimo Obrigatório a Pagar,105.0
2018-09-30,T3,2.01.05.02.03,Obrigações por Pagamentos Baseados em Ações,0.0
2018-09-30,T3,2.01.05.02.04,Financiamentos de Impostos e Encargos Sociais,0.0
2018-09-30,T3,2.01.05.02.05,Adiantamentos de Clientes,124946.0
2018-09-30,T3,2.01.05.02.06,Títulos a Pagar e Outros,74763.0
2018-09-30,T3,2.01.05.02.07,Instrumentos Financeiros Derivativos,1660.0
2018-09-30,T3,2.01.06,Provisões,17791.0
2018-09-30,T3,2.01.06.01,Provisões Fiscais Previdenciárias Trabalhistas e Cíveis,17791.0
2018-09-30,T3,2.01.06.01.01,Provisões Fiscais,0.0
2018-09-30,T3,2.01.06.01.02,Provisões Previdenciárias e Trabalhistas,17791.0
2018-09-30,T3,2.01.06.01.03,Provisões para Benefícios a Empregados,0.0
2018-09-30,T3,2.01.06.01.04,Provisões Cíveis,0.0
2018-09-30,T3,2.01.06.02,Outras Provisões,0.0
2018-09-30,T3,2.01.06.02.01,Provisões para Garantias,0.0
2018-09-30,T3,2.01.06.02.02,Provisões para Reestruturação,0.0
2018-09-30,T3,2.01.06.02.03,Provisões para Passivos Ambientais e de Desativação,0.0
2018-09-30,T3,2.01.07,Passivos sobre Ativos Não-Correntes a Venda e Descontinuados,0.0
2018-09-30,T3,2.01.07.01,Passivos sobre Ativos Não-Correntes a Venda,0.0
2018-09-30,T3,2.01.07.02,Passivos sobre Ativos de Operações Descontinuadas,0.0
2018-09-30,T3,2.02,Passivo Não Circulante,1571680.0
2018-09-30,T3,2.02.01,Empréstimos e Financiamentos,1405145.0
2018-09-30,T3,2.02.01.01,Empréstimos e Financiamentos,1405145.0
2018-09-30,T3,2.02.01.01.01,Em Moeda Nacional,12641.0
2018-09-30,T3,2.02.01.01.02,Em Moeda Estrangeira,1392504.0
2018-09-30,T3,2.02.01.02,Debêntures,0.0
2018-09-30,T3,2.02.01.03,Financiamento por Arrendamento Financeiro,0.0
2018-09-30,T3,2.02.02,Outras Obrigações,44490.0
2018-09-30,T3,2.02.02.01,Passivos com Partes Relacionadas,0.0
2018-09-30,T3,2.02.02.01.01,Débitos com Coligadas,0.0
2018-09-30,T3,2.02.02.01.03,Débitos com Controladores,0.0
2018-09-30,T3,2.02.02.01.04,Débitos com Outras Partes Relacionadas,0.0
2018-09-30,T3,2.02.02.02,Outros,44490.0
2018-09-30,T3,2.02.02.02.01,Obrigações por Pagamentos Baseados em Ações,0.0
2018-09-30,T3,2.02.02.02.02,Adiantamento para Futuro Aumento de Capital,0.0
2018-09-30,T3,2.02.02.02.03,Financiamentos de Impostos e Encargos Sociais,0.0
2018-09-30,T3,2.02.02.02.04,Outros passivos de Longo Prazo,5029.0
2018-09-30,T3,2.02.02.02.05,Obrigações de Benefícios de Aposentadoria,39461.0
2018-09-30,T3,2.02.02.02.06,Instrumentos Financeiros Derivativos,0.0
2018-09-30,T3,2.02.03,Tributos Diferidos,0.0
2018-09-30,T3,2.02.03.01,Imposto de Renda e Contribuição Social Diferidos,0.0
2018-09-30,T3,2.02.04,Provisões,122045.0
2018-09-30,T3,2.02.04.01,Provisões Fiscais Previdenciárias Trabalhistas e Cíveis,122045.0
2018-09-30,T3,2.02.04.01.01,Provisões Fiscais,52401.0
2018-09-30,T3,2.02.04.01.02,Provisões Previdenciárias e Trabalhistas,21693.0
2018-09-30,T3,2.02.04.01.03,Provisões para Benefícios a Empregados,0.0
2018-09-30,T3,2.02.04.01.04,Provisões Cíveis,47951.0
2018-09-30,T3,2.02.04.02,Outras Provisões,0.0
2018-09-30,T3,2.02.04.02.01,Provisões para Garantias,0.0
2018-09-30,T3,2.02.04.02.02,Provisões para Reestruturação,0.0
2018-09-30,T3,2.02.04.02.03,Provisões para Passivos Ambientais e de Desativação,0.0
2018-09-30,T3,2.02.05,Passivos sobre Ativos Não-Correntes a Venda e Descontinuados,0.0
2018-09-30,T3,2.02.05.01,Passivos sobre Ativos Não-Correntes a Venda,0.0
2018-09-30,T3,2.02.05.02,Passivos sobre Ativos de Operações Descontinuadas,0.0
2018-09-30,T3,2.02.06,Lucros e Receitas a Apropriar,0.0
2018-09-30,T3,2.02.06.01,Lucros a Apropriar,0.0
2018-09-30,T3,2.02.06.02,Receitas a Apropriar,0.0
2018-09-30,T3,2.02.06.03,Subvenções de Investimento a Apropriar,0.0
2018-09-30,T3,2.03,Patrimônio Líquido Consolidado,2241018.0
2018-09-30,T3,2.03.01,Capital Social Realizado,1053760.0
2018-09-30,T3,2.03.02,Reservas de Capital,11082.0
2018-09-30,T3,2.03.02.01,Ágio na Emissão de Ações,0.0
2018-09-30,T3,2.03.02.02,Reserva Especial de Ágio na Incorporação,0.0
2018-09-30,T3,2.03.02.03,Alienação de Bônus de Subscrição,0.0
2018-09-30,T3,2.03.02.04,Opções Outorgadas,11082.0
2018-09-30,T3,2.03.02.05,Ações em Tesouraria,0.0
2018-09-30,T3,2.03.02.06,Adiantamento para Futuro Aumento de Capital,0.0
2018-09-30,T3,2.03.03,Reservas de Reavaliação,0.0
2018-09-30,T3,2.03.04,Reservas de Lucros,352987.0
2018-09-30,T3,2.03.04.01,Reserva Legal,68223.0
2018-09-30,T3,2.03.04.02,Reserva Estatutária,284764.0
2018-09-30,T3,2.03.04.03,Reserva para Contingências,0.0
2018-09-30,T3,2.03.04.04,Reserva de Lucros a Realizar,0.0
2018-09-30,T3,2.03.04.05,Reserva de Retenção de Lucros,0.0
2018-09-30,T3,2.03.04.06,Reserva Especial para Dividendos Não Distribuídos,0.0
2018-09-30,T3,2.03.04.07,Reserva de Incentivos Fiscais,0.0
2018-09-30,T3,2.03.04.08,Dividendo Adicional Proposto,0.0
2018-09-30,T3,2.03.04.09,Ações em Tesouraria,0.0
2018-09-30,T3,2.03.05,Lucros/Prejuízos Acumulados,200856.0
2018-09-30,T3,2.03.06,Ajustes de Avaliação Patrimonial,622333.0
2018-09-30,T3,2.03.07,Ajustes Acumulados de Conversão,0.0
2018-09-30,T3,2.03.08,Outros Resultados Abrangentes,0.0
2018-09-30,T3,2.03.09,Participação dos Acionistas Não Controladores,0.0
2019-03-31,T1,2,Passivo Total,4902557.0
2019-03-31,T1,2.01,Passivo Circulante,1149054.0
2019-03-31,T1,2.01.01,Obrigações Sociais e Trabalhistas,155330.0
2019-03-31,T1,2.01.01.01,Obrigações Sociais,26777.0
2019-03-31,T1,2.01.01.02,Obrigações Trabalhistas,128553.0
2019-03-31,T1,2.01.02,Fornecedores,677581.0
2019-03-31,T1,2.01.02.01,Fornecedores Nacionais,256815.0
2019-03-31,T1,2.01.02.02,Fornecedores Estrangeiros,420766.0
2019-03-31,T1,2.01.03,Obrigações Fiscais,51035.0
2019-03-31,T1,2.01.03.01,Obrigações Fiscais Federais,50020.0
2019-03-31,T1,2.01.03.01.01,Imposto de Renda e Contribuição Social a Pagar,20827.0
2019-03-31,T1,2.01.03.01.02,Demais Tributos Federais a Pagar,29193.0
2019-03-31,T1,2.01.03.02,Obrigações Fiscais Estaduais,885.0
2019-03-31,T1,2.01.03.03,Obrigações Fiscais Municipais,130.0
2019-03-31,T1,2.01.04,Empréstimos e Financiamentos,28488.0
2019-03-31,T1,2.01.04.01,Empréstimos e Financiamentos,28488.0
2019-03-31,T1,2.01.04.01.01,Em Moeda Nacional,10166.0
2019-03-31,T1,2.01.04.01.02,Em Moeda Estrangeira,18322.0
2019-03-31,T1,2.01.04.02,Debêntures,0.0
2019-03-31,T1,2.01.04.03,Financiamento por Arrendamento Financeiro,0.0
2019-03-31,T1,2.01.05,Outras Obrigações,204325.0
2019-03-31,T1,2.01.05.01,Passivos com Partes Relacionadas,0.0
2019-03-31,T1,2.01.05.01.01,Débitos com Coligadas,0.0
2019-03-31,T1,2.01.05.01.03,Débitos com Controladores,0.0
2019-03-31,T1,2.01.05.01.04,Débitos com Outras Partes Relacionadas,0.0
2019-03-31,T1,2.01.05.02,Outros,204325.0
2019-03-31,T1,2.01.05.02.01,Dividendos e JCP a Pagar,0.0
2019-03-31,T1,2.01.05.02.02,Dividendo Mínimo Obrigatório a Pagar,9949.0
2019-03-31,T1,2.01.05.02.03,Obrigações por Pagamentos Baseados em Ações,0.0
2019-03-31,T1,2.01.05.02.04,Financiamentos de Impostos e Encargos Sociais,0.0
2019-03-31,T1,2.01.05.02.05,Adiantamentos de Clientes,147397.0
2019-03-31,T1,2.01.05.02.06,Títulos a Pagar e Outros,44459.0
2019-03-31,T1,2.01.05.02.07,Instrumentos Financeiros Derivativos,2520.0
2019-03-31,T1,2.01.06,Provisões,32295.0
2019-03-31,T1,2.01.06.01,Provisões Fiscais Previdenciárias Trabalhistas e Cíveis,32295.0
2019-03-31,T1,2.01.06.01.01,Provisões Fiscais,0.0
2019-03-31,T1,2.01.06.01.02,Provisões Previdenciárias e Trabalhistas,32295.0
2019-03-31,T1,2.01.06.01.03,Provisões para Benefícios a Empregados,0.0
2019-03-31,T1,2.01.06.01.04,Provisões Cíveis,0.0
2019-03-31,T1,2.01.06.02,Outras Provisões,0.0
2019-03-31,T1,2.01.06.02.01,Provisões para Garantias,0.0
2019-03-31,T1,2.01.06.02.02,Provisões para Reestruturação,0.0
2019-03-31,T1,2.01.06.02.03,Provisões para Passivos Ambientais e de Desativação,0.0
2019-03-31,T1,2.01.07,Passivos sobre Ativos Não-Correntes a Venda e Descontinuados,0.0
2019-03-31,T1,2.01.07.01,Passivos sobre Ativos Não-Correntes a Venda,0.0
2019-03-31,T1,2.01.07.02,Passivos sobre Ativos de Operações Descontinuadas,0.0
2019-03-31,T1,2.02,Passivo Não Circulante,1570533.0
2019-03-31,T1,2.02.01,Empréstimos e Financiamentos,1391251.0
2019-03-31,T1,2.02.01.01,Empréstimos e Financiamentos,1391251.0
2019-03-31,T1,2.02.01.01.01,Em Moeda Nacional,16109.0
2019-03-31,T1,2.02.01.01.02,Em Moeda Estrangeira,1375142.0
2019-03-31,T1,2.02.01.02,Debêntures,0.0
2019-03-31,T1,2.02.01.03,Financiamento por Arrendamento Financeiro,0.0
2019-03-31,T1,2.02.02,Outras Obrigações,39464.0
2019-03-31,T1,2.02.02.01,Passivos com Partes Relacionadas,0.0
2019-03-31,T1,2.02.02.01.01,Débitos com Coligadas,0.0
2019-03-31,T1,2.02.02.01.03,Débitos com Controladores,0.0
2019-03-31,T1,2.02.02.01.04,Débitos com Outras Partes Relacionadas,0.0
2019-03-31,T1,2.02.02.02,Outros,39464.0
2019-03-31,T1,2.02.02.02.01,Obrigações por Pagamentos Baseados em Ações,0.0
2019-03-31,T1,2.02.02.02.02,Adiantamento para Futuro Aumento de Capital,0.0
2019-03-31,T1,2.02.02.02.03,Financiamentos de Impostos e Encargos Sociais,0.0
2019-03-31,T1,2.02.02.02.04,Outros passivos de Longo Prazo,4433.0
2019-03-31,T1,2.02.02.02.05,Obrigações de Benefícios de Aposentadoria,35031.0
2019-03-31,T1,2.02.02.02.06,Instrumentos Financeiros Derivativos,0.0
2019-03-31,T1,2.02.03,Tributos Diferidos,0.0
2019-03-31,T1,2.02.03.01,Imposto de Renda e Contribuição Social Diferidos,0.0
2019-03-31,T1,2.02.04,Provisões,139818.0
2019-03-31,T1,2.02.04.01,Provisões Fiscais Previdenciárias Trabalhistas e Cíveis,139818.0
2019-03-31,T1,2.02.04.01.01,Provisões Fiscais,60179.0
2019-03-31,T1,2.02.04.01.02,Provisões Previdenciárias e Trabalhistas,22008.0
2019-03-31,T1,2.02.04.01.03,Provisões para Benefícios a Empregados,0.0
2019-03-31,T1,2.02.04.01.04,Provisões Cíveis,57631.0
2019-03-31,T1,2.02.04.02,Outras Provisões,0.0
2019-03-31,T1,2.02.04.02.01,Provisões para Garantias,0.0
2019-03-31,T1,2.02.04.02.02,Provisões para Reestruturação,0.0
2019-03-31,T1,2.02.04.02.03,Provisões para Passivos Ambientais e de Desativação,0.0
2019-03-31,T1,2.02.05,Passivos sobre Ativos Não-Correntes a Venda e Descontinuados,0.0
2019-03-31,T1,2.02.05.01,Passivos sobre Ativos Não-Correntes a Venda,0.0
2019-03-31,T1,2.02.05.02,Passivos sobre Ativos de Operações Descontinuadas,0.0
2019-03-31,T1,2.02.06,Lucros e Receitas a Apropriar,0.0
2019-03-31,T1,2.02.06.01,Lucros a Apropriar,0.0
2019-03-31,T1,2.02.06.02,Receitas a Apropriar,0.0
2019-03-31,T1,2.02.06.03,Subvenções de Investimento a Apropriar,0.0
2019-03-31,T1,2.03,Patrimônio Líquido Consolidado,2182970.0
2019-03-31,T1,2.03.01,Capital Social Realizado,1053760.0
2019-03-31,T1,2.03.02,Reservas de Capital,8908.0
2019-03-31,T1,2.03.02.01,Ágio na Emissão de Ações,0.0
2019-03-31,T1,2.03.02.02,Reserva Especial de Ágio na Incorporação,0.0
2019-03-31,T1,2.03.02.03,Alienação de Bônus de Subscrição,0.0
2019-03-31,T1,2.03.02.04,Opções Outorgadas,8908.0
2019-03-31,T1,2.03.02.05,Ações em Tesouraria,0.0
2019-03-31,T1,2.03.02.06,Adiantamento para Futuro Aumento de Capital,0.0
2019-03-31,T1,2.03.03,Reservas de Reavaliação,0.0
2019-03-31,T1,2.03.04,Reservas de Lucros,448020.0
2019-03-31,T1,2.03.04.01,Reserva Legal,81809.0
2019-03-31,T1,2.03.04.02,Reserva Estatutária,366212.0
2019-03-31,T1,2.03.04.03,Reserva para Contingências,0.0
2019-03-31,T1,2.03.04.04,Reserva de Lucros a Realizar,0.0
2019-03-31,T1,2.03.04.05,Reserva de Retenção de Lucros,0.0
2019-03-31,T1,2.03.04.06,Reserva Especial para Dividendos Não Distribuídos,0.0
2019-03-31,T1,2.03.04.07,Reserva de Incentivos Fiscais,0.0
2019-03-31,T1,2.03.04.08,Dividendo Adicional Proposto,0.0
2019-03-31,T1,2.03.04.09,Ações em Tesouraria,-1.0
2019-03-31,T1,2.03.05,Lucros/Prejuízos Acumulados,82668.0
2019-03-31,T1,2.03.06,Ajustes de Avaliação Patrimonial,589614.0
2019-03-31,T1,2.03.07,Ajustes Acumulados de Conversão,0.0
2019-03-31,T1,2.03.08,Outros Resultados Abrangentes,0.0
2019-03-31,T1,2.03.09,Participação dos Acionistas Não Controladores,0.0
2019-06-30,T2,2,Passivo Total,4895080.0
2019-06-30,T2,2.01,Passivo Circulante,1149281.0
2019-06-30,T2,2.01.01,Obrigações Sociais e Trabalhistas,170267.0
2019-06-30,T2,2.01.01.01,Obrigações Sociais,29079.0
2019-06-30,T2,2.01.01.02,Obrigações Trabalhistas,141188.0
2019-06-30,T2,2.01.02,Fornecedores,643790.0
2019-06-30,T2,2.01.02.01,Fornecedores Nacionais,269692.0
2019-06-30,T2,2.01.02.02,Fornecedores Estrangeiros,374098.0
2019-06-30,T2,2.01.03,Obrigações Fiscais,50580.0
2019-06-30,T2,2.01.03.01,Obrigações Fiscais Federais,49660.0
2019-06-30,T2,2.01.03.01.01,Imposto de Renda e Contribuição Social a Pagar,21142.0
2019-06-30,T2,2.01.03.01.02,Demais Tributos Federais a Pagar,28518.0
2019-06-30,T2,2.01.03.02,Obrigações Fiscais Estaduais,762.0
2019-06-30,T2,2.01.03.03,Obrigações Fiscais Municipais,158.0
2019-06-30,T2,2.01.04,Empréstimos e Financiamentos,59003.0
2019-06-30,T2,2.01.04.01,Empréstimos e Financiamentos,59003.0
2019-06-30,T2,2.01.04.01.01,Em Moeda Nacional,9810.0
2019-06-30,T2,2.01.04.01.02,Em Moeda Estrangeira,49193.0
2019-06-30,T2,2.01.04.02,Debêntures,0.0
2019-06-30,T2,2.01.04.03,Financiamento por Arrendamento Financeiro,0.0
2019-06-30,T2,2.01.05,Outras Obrigações,182675.0
2019-06-30,T2,2.01.05.01,Passivos com Partes Relacionadas,0.0
2019-06-30,T2,2.01.05.01.01,Débitos com Coligadas,0.0
2019-06-30,T2,2.01.05.01.03,Débitos com Controladores,0.0
2019-06-30,T2,2.01.05.01.04,Débitos com Outras Partes Relacionadas,0.0
2019-06-30,T2,2.01.05.02,Outros,182675.0
2019-06-30,T2,2.01.05.02.01,Dividendos e JCP a Pagar,0.0
2019-06-30,T2,2.01.05.02.02,Dividendo Mínimo Obrigatório a Pagar,193.0
2019-06-30,T2,2.01.05.02.03,Obrigações por Pagamentos Baseados em Ações,0.0
2019-06-30,T2,2.01.05.02.04,Financiamentos de Impostos e Encargos Sociais,0.0
2019-06-30,T2,2.01.05.02.05,Adiantamentos de Clientes,134656.0
2019-06-30,T2,2.01.05.02.06,Títulos a Pagar e Outros,47240.0
2019-06-30,T2,2.01.05.02.07,Instrumentos Financeiros Derivativos,586.0
2019-06-30,T2,2.01.06,Provisões,42966.0
2019-06-30,T2,2.01.06.01,Provisões Fiscais Previdenciárias Trabalhistas e Cíveis,42966.0
2019-06-30,T2,2.01.06.01.01,Provisões Fiscais,0.0
2019-06-30,T2,2.01.06.01.02,Provisões Previdenciárias e Trabalhistas,42966.0
2019-06-30,T2,2.01.06.01.03,Provisões para Benefícios a Empregados,0.0
2019-06-30,T2,2.01.06.01.04,Provisões Cíveis,0.0
2019-06-30,T2,2.01.06.02,Outras Provisões,0.0
2019-06-30,T2,2.01.06.02.01,Provisões para Garantias,0.0
2019-06-30,T2,2.01.06.02.02,Provisões para Reestruturação,0.0
2019-06-30,T2,2.01.06.02.03,Provisões para Passivos Ambientais e de Desativação,0.0
2019-06-30,T2,2.01.07,Passivos sobre Ativos Não-Correntes a Venda e Descontinuados,0.0
2019-06-30,T2,2.01.07.01,Passivos sobre Ativos Não-Correntes a Venda,0.0
2019-06-30,T2,2.01.07.02,Passivos sobre Ativos de Operações Descontinuadas,0.0
2019-06-30,T2,2.02,Passivo Não Circulante,1540472.0
2019-06-30,T2,2.02.01,Empréstimos e Financiamentos,1356083.0
2019-06-30,T2,2.02.01.01,Empréstimos e Financiamentos,1356083.0
2019-06-30,T2,2.02.01.01.01,Em Moeda Nacional,14401.0
2019-06-30,T2,2.02.01.01.02,Em Moeda Estrangeira,1341682.0
2019-06-30,T2,2.02.01.02,Debêntures,0.0
2019-06-30,T2,2.02.01.03,Financiamento por Arrendamento Financeiro,0.0
2019-06-30,T2,2.02.02,Outras Obrigações,40231.0
2019-06-30,T2,2.02.02.01,Passivos com Partes Relacionadas,0.0
2019-06-30,T2,2.02.02.01.01,Débitos com Coligadas,0.0
2019-06-30,T2,2.02.02.01.03,Débitos com Controladores,0.0
2019-06-30,T2,2.02.02.01.04,Débitos com Outras Partes Relacionadas,0.0
2019-06-30,T2,2.02.02.02,Outros,40231.0
2019-06-30,T2,2.02.02.02.01,Obrigações por Pagamentos Baseados em Ações,0.0
2019-06-30,T2,2.02.02.02.02,Adiantamento para Futuro Aumento de Capital,0.0
2019-06-30,T2,2.02.02.02.03,Financiamentos de Impostos e Encargos Sociais,0.0
2019-06-30,T2,2.02.02.02.04,Outros passivos de Longo Prazo,4004.0
2019-06-30,T2,2.02.02.02.05,Instrumentos Financeiros Derivativos,0.0
2019-06-30,T2,2.02.02.02.06,Obrigações de Benefícios de Aposentadoria,36227.0
2019-06-30,T2,2.02.03,Tributos Diferidos,0.0
2019-06-30,T2,2.02.03.01,Imposto de Renda e Contribuição Social Diferidos,0.0
2019-06-30,T2,2.02.04,Provisões,144158.0
2019-06-30,T2,2.02.04.01,Provisões Fiscais Previdenciárias Trabalhistas e Cíveis,144158.0
2019-06-30,T2,2.02.04.01.01,Provisões Fiscais,62175.0
2019-06-30,T2,2.02.04.01.02,Provisões Previdenciárias e Trabalhistas,18779.0
2019-06-30,T2,2.02.04.01.03,Provisões para Benefícios a Empregados,0.0
2019-06-30,T2,2.02.04.01.04,Provisões Cíveis,63204.0
2019-06-30,T2,2.02.04.02,Outras Provisões,0.0
2019-06-30,T2,2.02.04.02.01,Provisões para Garantias,0.0
2019-06-30,T2,2.02.04.02.02,Provisões para Reestruturação,0.0
2019-06-30,T2,2.02.04.02.03,Provisões para Passivos Ambientais e de Desativação,0.0
2019-06-30,T2,2.02.04.02.04,Provisão para Desvalorização de Investimento,0.0
2019-06-30,T2,2.02.05,Passivos sobre Ativos Não-Correntes a Venda e Descontinuados,0.0
2019-06-30,T2,2.02.05.01,Passivos sobre Ativos Não-Correntes a Venda,0.0
2019-06-30,T2,2.02.05.02,Passivos sobre Ativos de Operações Descontinuadas,0.0
2019-06-30,T2,2.02.06,Lucros e Receitas a Apropriar,0.0
2019-06-30,T2,2.02.06.01,Lucros a Apropriar,0.0
2019-06-30,T2,2.02.06.02,Receitas a Apropriar,0.0
2019-06-30,T2,2.02.06.03,Subvenções de Investimento a Apropriar,0.0
2019-06-30,T2,2.03,Patrimônio Líquido Consolidado,2205327.0
2019-06-30,T2,2.03.01,Capital Social Realizado,1053760.0
2019-06-30,T2,2.03.02,Reservas de Capital,9313.0
2019-06-30,T2,2.03.02.01,Ágio na Emissão de Ações,0.0
2019-06-30,T2,2.03.02.02,Reserva Especial de Ágio na Incorporação,0.0
2019-06-30,T2,2.03.02.03,Alienação de Bônus de Subscrição,0.0
2019-06-30,T2,2.03.02.04,Opções Outorgadas,9313.0
2019-06-30,T2,2.03.02.05,Ações em Tesouraria,0.0
2019-06-30,T2,2.03.02.06,Adiantamento para Futuro Aumento de Capital,0.0
2019-06-30,T2,2.03.03,Reservas de Reavaliação,0.0
2019-06-30,T2,2.03.04,Reservas de Lucros,423021.0
2019-06-30,T2,2.03.04.01,Reserva Legal,81809.0
2019-06-30,T2,2.03.04.02,Reserva Estatutária,341212.0
2019-06-30,T2,2.03.04.03,Reserva para Contingências,0.0
2019-06-30,T2,2.03.04.04,Reserva de Lucros a Realizar,0.0
2019-06-30,T2,2.03.04.05,Reserva de Retenção de Lucros,0.0
2019-06-30,T2,2.03.04.06,Reserva Especial para Dividendos Não Distribuídos,0.0
2019-06-30,T2,2.03.04.07,Reserva de Incentivos Fiscais,0.0
2019-06-30,T2,2.03.04.08,Dividendo Adicional Proposto,0.0
2019-06-30,T2,2.03.04.09,Ações em Tesouraria,0.0
2019-06-30,T2,2.03.05,Lucros/Prejuízos Acumulados,144753.0
2019-06-30,T2,2.03.06,Ajustes de Avaliação Patrimonial,574480.0
2019-06-30,T2,2.03.07,Ajustes Acumulados de Conversão,0.0
2019-06-30,T2,2.03.08,Outros Resultados Abrangentes,0.0
2019-06-30,T2,2.03.09,Participação dos Acionistas Não Controladores,0.0
2019-09-30,T3,2,Passivo Total,5196264.0
2019-09-30,T3,2.01,Passivo Circulante,1196699.0
2019-09-30,T3,2.01.01,Obrigações Sociais e Trabalhistas,203623.0
2019-09-30,T3,2.01.01.01,Obrigações Sociais,25646.0
2019-09-30,T3,2.01.01.02,Obrigações Trabalhistas,177977.0
2019-09-30,T3,2.01.02,Fornecedores,642209.0
2019-09-30,T3,2.01.02.01,Fornecedores Nacionais,257004.0
2019-09-30,T3,2.01.02.02,Fornecedores Estrangeiros,385205.0
2019-09-30,T3,2.01.03,Obrigações Fiscais,59241.0
2019-09-30,T3,2.01.03.01,Obrigações Fiscais Federais,58535.0
2019-09-30,T3,2.01.03.01.01,Imposto de Renda e Contribuição Social a Pagar,28023.0
2019-09-30,T3,2.01.03.01.02,Demais Tributos Federais a Pagar,30512.0
2019-09-30,T3,2.01.03.02,Obrigações Fiscais Estaduais,516.0
2019-09-30,T3,2.01.03.03,Obrigações Fiscais Municipais,190.0
2019-09-30,T3,2.01.04,Empréstimos e Financiamentos,38776.0
2019-09-30,T3,2.01.04.01,Empréstimos e Financiamentos,38776.0
2019-09-30,T3,2.01.04.01.01,Em Moeda Nacional,9459.0
2019-09-30,T3,2.01.04.01.02,Em Moeda Estrangeira,29317.0
2019-09-30,T3,2.01.04.02,Debêntures,0.0
2019-09-30,T3,2.01.04.03,Financiamento por Arrendamento,0.0
2019-09-30,T3,2.01.05,Outras Obrigações,210916.0
2019-09-30,T3,2.01.05.01,Passivos com Partes Relacionadas,0.0
2019-09-30,T3,2.01.05.01.01,Débitos com Coligadas,0.0
2019-09-30,T3,2.01.05.01.03,Débitos com Controladores,0.0
2019-09-30,T3,2.01.05.01.04,Débitos com Outras Partes Relacionadas,0.0
2019-09-30,T3,2.01.05.02,Outros,210916.0
2019-09-30,T3,2.01.05.02.01,Dividendos e JCP a Pagar,0.0
2019-09-30,T3,2.01.05.02.02,Dividendo Mínimo Obrigatório a Pagar,192.0
2019-09-30,T3,2.01.05.02.03,Obrigações por Pagamentos Baseados em Ações,0.0
2019-09-30,T3,2.01.05.02.04,Financiamentos de Impostos e Encargos Sociais,0.0
2019-09-30,T3,2.01.05.02.05,Adiantamentos de Clientes,167144.0
2019-09-30,T3,2.01.05.02.06,Títulos a Pagar e Outros,40799.0
2019-09-30,T3,2.01.05.02.07,Instrumentos Financeiros Derivativos,2781.0
2019-09-30,T3,2.01.06,Provisões,41934.0
2019-09-30,T3,2.01.06.01,Provisões Fiscais Previdenciárias Trabalhistas e Cíveis,41934.0
2019-09-30,T3,2.01.06.01.01,Provisões Fiscais,0.0
2019-09-30,T3,2.01.06.01.02,Provisões Previdenciárias e Trabalhistas,41934.0
2019-09-30,T3,2.01.06.01.03,Provisões para Benefícios a Empregados,0.0
2019-09-30,T3,2.01.06.01.04,Provisões Cíveis,0.0
2019-09-30,T3,2.01.06.02,Outras Provisões,0.0
2019-09-30,T3,2.01.06.02.01,Provisões para Garantias,0.0
2019-09-30,T3,2.01.06.02.02,Provisões para Reestruturação,0.0
2019-09-30,T3,2.01.06.02.03,Provisões para Passivos Ambientais e de Desativação,0.0
2019-09-30,T3,2.01.07,Passivos sobre Ativos Não-Correntes a Venda e Descontinuados,0.0
2019-09-30,T3,2.01.07.01,Passivos sobre Ativos Não-Correntes a Venda,0.0
2019-09-30,T3,2.01.07.02,Passivos sobre Ativos de Operações Descontinuadas,0.0
2019-09-30,T3,2.02,Passivo Não Circulante,1660571.0
2019-09-30,T3,2.02.01,Empréstimos e Financiamentos,1468802.0
2019-09-30,T3,2.02.01.01,Empréstimos e Financiamentos,1468802.0
2019-09-30,T3,2.02.01.01.01,Em Moeda Nacional,12697.0
2019-09-30,T3,2.02.01.01.02,Em Moeda Estrangeira,1456105.0
2019-09-30,T3,2.02.01.02,Debêntures,0.0
2019-09-30,T3,2.02.01.03,Financiamento por Arrendamento,0.0
2019-09-30,T3,2.02.02,Outras Obrigações,43478.0
2019-09-30,T3,2.02.02.01,Passivos com Partes Relacionadas,0.0
2019-09-30,T3,2.02.02.01.01,Débitos com Coligadas,0.0
2019-09-30,T3,2.02.02.01.03,Débitos com Controladores,0.0
2019-09-30,T3,2.02.02.01.04,Débitos com Outras Partes Relacionadas,0.0
2019-09-30,T3,2.02.02.02,Outros,43478.0
2019-09-30,T3,2.02.02.02.01,Obrigações por Pagamentos Baseados em Ações,0.0
2019-09-30,T3,2.02.02.02.02,Adiantamento para Futuro Aumento de Capital,0.0
2019-09-30,T3,2.02.02.02.03,Financiamentos de Impostos e Encargos Sociais,0.0
2019-09-30,T3,2.02.02.02.04,Outros passivos de Longo Prazo,3657.0
2019-09-30,T3,2.02.02.02.05,Instrumentos Financeiros Derivativos,0.0
2019-09-30,T3,2.02.02.02.06,Obrigações de Benefícios de Aposentadoria,39821.0
2019-09-30,T3,2.02.03,Tributos Diferidos,0.0
2019-09-30,T3,2.02.03.01,Imposto de Renda e Contribuição Social Diferidos,0.0
2019-09-30,T3,2.02.04,Provisões,148291.0
2019-09-30,T3,2.02.04.01,Provisões Fiscais Previdenciárias Trabalhistas e Cíveis,148291.0
2019-09-30,T3,2.02.04.01.01,Provisões Fiscais,62662.0
2019-09-30,T3,2.02.04.01.02,Provisões Previdenciárias e Trabalhistas,18118.0
2019-09-30,T3,2.02.04.01.03,Provisões para Benefícios a Empregados,0.0
2019-09-30,T3,2.02.04.01.04,Provisões Cíveis,67511.0
2019-09-30,T3,2.02.04.02,Outras Provisões,0.0
2019-09-30,T3,2.02.04.02.01,Provisões para Garantias,0.0
2019-09-30,T3,2.02.04.02.02,Provisões para Reestruturação,0.0
2019-09-30,T3,2.02.04.02.03,Provisões para Passivos Ambientais e de Desativação,0.0
2019-09-30,T3,2.02.04.02.04,Provisão para Desvalorização de Investimento,0.0
2019-09-30,T3,2.02.05,Passivos sobre Ativos Não-Correntes a Venda e Descontinuados,0.0
2019-09-30,T3,2.02.05.01,Passivos sobre Ativos Não-Correntes a Venda,0.0
2019-09-30,T3,2.02.05.02,Passivos sobre Ativos de Operações Descontinuadas,0.0
2019-09-30,T3,2.02.06,Lucros e Receitas a Apropriar,0.0
2019-09-30,T3,2.02.06.01,Lucros a Apropriar,0.0
2019-09-30,T3,2.02.06.02,Receitas a Apropriar,0.0
2019-09-30,T3,2.02.06.03,Subvenções de Investimento a Apropriar,0.0
2019-09-30,T3,2.03,Patrimônio Líquido Consolidado,2338994.0
2019-09-30,T3,2.03.01,Capital Social Realizado,1053760.0
2019-09-30,T3,2.03.02,Reservas de Capital,9604.0
2019-09-30,T3,2.03.02.01,Ágio na Emissão de Ações,0.0
2019-09-30,T3,2.03.02.02,Reserva Especial de Ágio na Incorporação,0.0
2019-09-30,T3,2.03.02.03,Alienação de Bônus de Subscrição,0.0
2019-09-30,T3,2.03.02.04,Opções Outorgadas,9604.0
2019-09-30,T3,2.03.02.05,Ações em Tesouraria,0.0
2019-09-30,T3,2.03.02.06,Adiantamento para Futuro Aumento de Capital,0.0
2019-09-30,T3,2.03.03,Reservas de Reavaliação,0.0
2019-09-30,T3,2.03.04,Reservas de Lucros,423021.0
2019-09-30,T3,2.03.04.01,Reserva Legal,81809.0
2019-09-30,T3,2.03.04.02,Reserva Estatutária,341212.0
2019-09-30,T3,2.03.04.03,Reserva para Contingências,0.0
2019-09-30,T3,2.03.04.04,Reserva de Lucros a Realizar,0.0
2019-09-30,T3,2.03.04.05,Reserva de Retenção de Lucros,0.0
2019-09-30,T3,2.03.04.06,Reserva Especial para Dividendos Não Distribuídos,0.0
2019-09-30,T3,2.03.04.07,Reserva de Incentivos Fiscais,0.0
2019-09-30,T3,2.03.04.08,Dividendo Adicional Proposto,0.0
2019-09-30,T3,2.03.04.09,Ações em Tesouraria,0.0
2019-09-30,T3,2.03.05,Lucros/Prejuízos Acumulados,213160.0
2019-09-30,T3,2.03.06,Ajustes de Avaliação Patrimonial,639449.0
2019-09-30,T3,2.03.07,Ajustes Acumulados de Conversão,0.0
2019-09-30,T3,2.03.08,Outros Resultados Abrangentes,0.0
2019-09-30,T3,2.03.09,Participação dos Acionistas Não Controladores,0.0
2020-03-31,T1,2,Passivo Total,6317616.0
2020-03-31,T1,2.01,Passivo Circulante,1778830.0
2020-03-31,T1,2.01.01,Obrigações Sociais e Trabalhistas,141744.0
2020-03-31,T1,2.01.01.01,Obrigações Sociais,29466.0
2020-03-31,T1,2.01.01.02,Obrigações Trabalhistas,112278.0
2020-03-31,T1,2.01.02,Fornecedores,645820.0
2020-03-31,T1,2.01.02.01,Fornecedores Nacionais,234939.0
2020-03-31,T1,2.01.02.02,Fornecedores Estrangeiros,410881.0
2020-03-31,T1,2.01.03,Obrigações Fiscais,74340.0
2020-03-31,T1,2.01.03.01,Obrigações Fiscais Federais,73720.0
2020-03-31,T1,2.01.03.01.01,Imposto de Renda e Contribuição Social a Pagar,40604.0
2020-03-31,T1,2.01.03.01.02,Demais Tributos Federais a Pagar,33116.0
2020-03-31,T1,2.01.03.02,Obrigações Fiscais Estaduais,473.0
2020-03-31,T1,2.01.03.03,Obrigações Fiscais Municipais,147.0
2020-03-31,T1,2.01.04,Empréstimos e Financiamentos,420833.0
2020-03-31,T1,2.01.04.01,Empréstimos e Financiamentos,420833.0
2020-03-31,T1,2.01.04.01.01,Em Moeda Nacional,387414.0
2020-03-31,T1,2.01.04.01.02,Em Moeda Estrangeira,33419.0
2020-03-31,T1,2.01.04.02,Debêntures,0.0
2020-03-31,T1,2.01.04.03,Financiamento por Arrendamento,0.0
2020-03-31,T1,2.01.05,Outras Obrigações,456514.0
2020-03-31,T1,2.01.05.01,Passivos com Partes Relacionadas,0.0
2020-03-31,T1,2.01.05.01.01,Débitos com Coligadas,0.0
2020-03-31,T1,2.01.05.01.03,Débitos com Controladores,0.0
2020-03-31,T1,2.01.05.01.04,Débitos com Outras Partes Relacionadas,0.0
2020-03-31,T1,2.01.05.02,Outros,456514.0
2020-03-31,T1,2.01.05.02.01,Dividendos e JCP a Pagar,0.0
2020-03-31,T1,2.01.05.02.02,Dividendo Mínimo Obrigatório a Pagar,185.0
2020-03-31,T1,2.01.05.02.03,Obrigações por Pagamentos Baseados em Ações,0.0
2020-03-31,T1,2.01.05.02.04,Financiamentos de Impostos e Encargos Sociais,0.0
2020-03-31,T1,2.01.05.02.05,Adiantamentos de Clientes,158354.0
2020-03-31,T1,2.01.05.02.06,Títulos a Pagar e Outros,67540.0
2020-03-31,T1,2.01.05.02.07,Instrumentos Financeiros Derivativos,230435.0
2020-03-31,T1,2.01.06,Provisões,39579.0
2020-03-31,T1,2.01.06.01,Provisões Fiscais Previdenciárias Trabalhistas e Cíveis,39579.0
2020-03-31,T1,2.01.06.01.01,Provisões Fiscais,0.0
2020-03-31,T1,2.01.06.01.02,Provisões Previdenciárias e Trabalhistas,39579.0
2020-03-31,T1,2.01.06.01.03,Provisões para Benefícios a Empregados,0.0
2020-03-31,T1,2.01.06.01.04,Provisões Cíveis,0.0
2020-03-31,T1,2.01.06.02,Outras Provisões,0.0
2020-03-31,T1,2.01.06.02.01,Provisões para Garantias,0.0
2020-03-31,T1,2.01.06.02.02,Provisões para Reestruturação,0.0
2020-03-31,T1,2.01.06.02.03,Provisões para Passivos Ambientais e de Desativação,0.0
2020-03-31,T1,2.01.07,Passivos sobre Ativos Não-Correntes a Venda e Descontinuados,0.0
2020-03-31,T1,2.01.07.01,Passivos sobre Ativos Não-Correntes a Venda,0.0
2020-03-31,T1,2.01.07.02,Passivos sobre Ativos de Operações Descontinuadas,0.0
2020-03-31,T1,2.02,Passivo Não Circulante,2135566.0
2020-03-31,T1,2.02.01,Empréstimos e Financiamentos,1948534.0
2020-03-31,T1,2.02.01.01,Empréstimos e Financiamentos,1948534.0
2020-03-31,T1,2.02.01.01.01,Em Moeda Nacional,130570.0
2020-03-31,T1,2.02.01.01.02,Em Moeda Estrangeira,1817964.0
2020-03-31,T1,2.02.01.02,Debêntures,0.0
2020-03-31,T1,2.02.01.03,Financiamento por Arrendamento,0.0
2020-03-31,T1,2.02.02,Outras Obrigações,46176.0
2020-03-31,T1,2.02.02.01,Passivos com Partes Relacionadas,0.0
2020-03-31,T1,2.02.02.01.01,Débitos com Coligadas,0.0
2020-03-31,T1,2.02.02.01.03,Débitos com Controladores,0.0
2020-03-31,T1,2.02.02.01.04,Débitos com Outras Partes Relacionadas,0.0
2020-03-31,T1,2.02.02.02,Outros,46176.0
2020-03-31,T1,2.02.02.02.01,Obrigações por Pagamentos Baseados em Ações,0.0
2020-03-31,T1,2.02.02.02.02,Adiantamento para Futuro Aumento de Capital,0.0
2020-03-31,T1,2.02.02.02.03,Financiamentos de Impostos e Encargos Sociais,0.0
2020-03-31,T1,2.02.02.02.04,Outros passivos de Longo Prazo,2921.0
2020-03-31,T1,2.02.02.02.05,Instrumentos Financeiros Derivativos,0.0
2020-03-31,T1,2.02.02.02.06,Obrigações de Benefícios de Aposentadoria,43255.0
2020-03-31,T1,2.02.03,Tributos Diferidos,0.0
2020-03-31,T1,2.02.03.01,Imposto de Renda e Contribuição Social Diferidos,0.0
2020-03-31,T1,2.02.04,Provisões,140856.0
2020-03-31,T1,2.02.04.01,Provisões Fiscais Previdenciárias Trabalhistas e Cíveis,140856.0
2020-03-31,T1,2.02.04.01.01,Provisões Fiscais,71375.0
2020-03-31,T1,2.02.04.01.02,Provisões Previdenciárias e Trabalhistas,20574.0
2020-03-31,T1,2.02.04.01.03,Provisões para Benefícios a Empregados,0.0
2020-03-31,T1,2.02.04.01.04,Provisões Cíveis,48907.0
2020-03-31,T1,2.02.04.02,Outras Provisões,0.0
2020-03-31,T1,2.02.04.02.01,Provisões para Garantias,0.0
2020-03-31,T1,2.02.04.02.02,Provisões para Reestruturação,0.0
2020-03-31,T1,2.02.04.02.03,Provisões para Passivos Ambientais e de Desativação,0.0
2020-03-31,T1,2.02.04.02.04,Provisão para Desvalorização de Investimento,0.0
2020-03-31,T1,2.02.05,Passivos sobre Ativos Não-Correntes a Venda e Descontinuados,0.0
2020-03-31,T1,2.02.05.01,Passivos sobre Ativos Não-Correntes a Venda,0.0
2020-03-31,T1,2.02.05.02,Passivos sobre Ativos de Operações Descontinuadas,0.0
2020-03-31,T1,2.02.06,Lucros e Receitas a Apropriar,0.0
2020-03-31,T1,2.02.06.01,Lucros a Apropriar,0.0
2020-03-31,T1,2.02.06.02,Receitas a Apropriar,0.0
2020-03-31,T1,2.02.06.03,Subvenções de Investimento a Apropriar,0.0
2020-03-31,T1,2.03,Patrimônio Líquido Consolidado,2403220.0
2020-03-31,T1,2.03.01,Capital Social Realizado,1053760.0
2020-03-31,T1,2.03.02,Reservas de Capital,8411.0
2020-03-31,T1,2.03.02.01,Ágio na Emissão de Ações,0.0
2020-03-31,T1,2.03.02.02,Reserva Especial de Ágio na Incorporação,0.0
2020-03-31,T1,2.03.02.03,Alienação de Bônus de Subscrição,0.0
2020-03-31,T1,2.03.02.04,Opções Outorgadas,8411.0
2020-03-31,T1,2.03.02.05,Ações em Tesouraria,0.0
2020-03-31,T1,2.03.02.06,Adiantamento para Futuro Aumento de Capital,0.0
2020-03-31,T1,2.03.03,Reservas de Reavaliação,0.0
2020-03-31,T1,2.03.04,Reservas de Lucros,709479.0
2020-03-31,T1,2.03.04.01,Reserva Legal,95756.0
2020-03-31,T1,2.03.04.02,Reserva Estatutária,616667.0
2020-03-31,T1,2.03.04.03,Reserva para Contingências,0.0
2020-03-31,T1,2.03.04.04,Reserva de Lucros a Realizar,0.0
2020-03-31,T1,2.03.04.05,Reserva de Retenção de Lucros,0.0
2020-03-31,T1,2.03.04.06,Reserva Especial para Dividendos Não Distribuídos,0.0
2020-03-31,T1,2.03.04.07,Reserva de Incentivos Fiscais,0.0
2020-03-31,T1,2.03.04.08,Dividendo Adicional Proposto,0.0
2020-03-31,T1,2.03.04.09,Ações em Tesouraria,-2944.0
2020-03-31,T1,2.03.05,Lucros/Prejuízos Acumulados,-205510.0
2020-03-31,T1,2.03.06,Ajustes de Avaliação Patrimonial,837080.0
2020-03-31,T1,2.03.07,Ajustes Acumulados de Conversão,0.0
2020-03-31,T1,2.03.08,Outros Resultados Abrangentes,0.0
2020-03-31,T1,2.03.09,Participação dos Acionistas Não Controladores,0.0
2020-06-30,T2,2,Passivo Total,6043691.0
2020-06-30,T2,2.01,Passivo Circulante,1426034.0
2020-06-30,T2,2.01.01,Obrigações Sociais e Trabalhistas,150302.0
2020-06-30,T2,2.01.01.01,Obrigações Sociais,44468.0
2020-06-30,T2,2.01.01.02,Obrigações Trabalhistas,105834.0
2020-06-30,T2,2.01.02,Fornecedores,343151.0
2020-06-30,T2,2.01.02.01,Fornecedores Nacionais,153849.0
2020-06-30,T2,2.01.02.02,Fornecedores Estrangeiros,189302.0
2020-06-30,T2,2.01.03,Obrigações Fiscais,31089.0
2020-06-30,T2,2.01.03.01,Obrigações Fiscais Federais,30980.0
2020-06-30,T2,2.01.03.01.01,Imposto de Renda e Contribuição Social a Pagar,4143.0
2020-06-30,T2,2.01.03.01.02,Demais Tributos Federais a Pagar,26837.0
2020-06-30,T2,2.01.03.02,Obrigações Fiscais Estaduais,0.0
2020-06-30,T2,2.01.03.03,Obrigações Fiscais Municipais,109.0
2020-06-30,T2,2.01.04,Empréstimos e Financiamentos,456928.0
2020-06-30,T2,2.01.04.01,Empréstimos e Financiamentos,456928.0
2020-06-30,T2,2.01.04.01.01,Em Moeda Nacional,389982.0
2020-06-30,T2,2.01.04.01.02,Em Moeda Estrangeira,66946.0
2020-06-30,T2,2.01.04.02,Debêntures,0.0
2020-06-30,T2,2.01.04.03,Financiamento por Arrendamento,0.0
2020-06-30,T2,2.01.05,Outras Obrigações,402878.0
2020-06-30,T2,2.01.05.01,Passivos com Partes Relacionadas,0.0
2020-06-30,T2,2.01.05.01.01,Débitos com Coligadas,0.0
2020-06-30,T2,2.01.05.01.03,Débitos com Controladores,0.0
2020-06-30,T2,2.01.05.01.04,Débitos com Outras Partes Relacionadas,0.0
2020-06-30,T2,2.01.05.02,Outros,402878.0
2020-06-30,T2,2.01.05.02.01,Dividendos e JCP a Pagar,0.0
2020-06-30,T2,2.01.05.02.02,Dividendo Mínimo Obrigatório a Pagar,185.0
2020-06-30,T2,2.01.05.02.03,Obrigações por Pagamentos Baseados em Ações,0.0
2020-06-30,T2,2.01.05.02.04,Financiamentos de Impostos e Encargos Sociais,0.0
2020-06-30,T2,2.01.05.02.05,Adiantamentos de Clientes,166669.0
2020-06-30,T2,2.01.05.02.06,Títulos a Pagar e Outros,71939.0
2020-06-30,T2,2.01.05.02.07,Instrumentos Financeiros Derivativos,164085.0
2020-06-30,T2,2.01.06,Provisões,41686.0
2020-06-30,T2,2.01.06.01,Provisões Fiscais Previdenciárias Trabalhistas e Cíveis,41686.0
2020-06-30,T2,2.01.06.01.01,Provisões Fiscais,0.0
2020-06-30,T2,2.01.06.01.02,Provisões Previdenciárias e Trabalhistas,41686.0
2020-06-30,T2,2.01.06.01.03,Provisões para Benefícios a Empregados,0.0
2020-06-30,T2,2.01.06.01.04,Provisões Cíveis,0.0
2020-06-30,T2,2.01.06.02,Outras Provisões,0.0
2020-06-30,T2,2.01.06.02.01,Provisões para Garantias,0.0
2020-06-30,T2,2.01.06.02.02,Provisões para Reestruturação,0.0
2020-06-30,T2,2.01.06.02.03,Provisões para Passivos Ambientais e de Desativação,0.0
2020-06-30,T2,2.01.07,Passivos sobre Ativos Não-Correntes a Venda e Descontinuados,0.0
2020-06-30,T2,2.01.07.01,Passivos sobre Ativos Não-Correntes a Venda,0.0
2020-06-30,T2,2.01.07.02,Passivos sobre Ativos de Operações Descontinuadas,0.0
2020-06-30,T2,2.02,Passivo Não Circulante,2246868.0
2020-06-30,T2,2.02.01,Empréstimos e Financiamentos,2043544.0
2020-06-30,T2,2.02.01.01,Empréstimos e Financiamentos,2043544.0
2020-06-30,T2,2.02.01.01.01,Em Moeda Nacional,131162.0
2020-06-30,T2,2.02.01.01.02,Em Moeda Estrangeira,1912382.0
2020-06-30,T2,2.02.01.02,Debêntures,0.0
2020-06-30,T2,2.02.01.03,Financiamento por Arrendamento,0.0
2020-06-30,T2,2.02.02,Outras Obrigações,55052.0
2020-06-30,T2,2.02.02.01,Passivos com Partes Relacionadas,0.0
2020-06-30,T2,2.02.02.01.01,Débitos com Coligadas,0.0
2020-06-30,T2,2.02.02.01.03,Débitos com Controladores,0.0
2020-06-30,T2,2.02.02.01.04,Débitos com Outras Partes Relacionadas,0.0
2020-06-30,T2,2.02.02.02,Outros,55052.0
2020-06-30,T2,2.02.02.02.01,Obrigações por Pagamentos Baseados em Ações,0.0
2020-06-30,T2,2.02.02.02.02,Adiantamento para Futuro Aumento de Capital,0.0
2020-06-30,T2,2.02.02.02.03,Financiamentos de Impostos e Encargos Sociais,0.0
2020-06-30,T2,2.02.02.02.04,Outros passivos de Longo Prazo,2592.0
2020-06-30,T2,2.02.02.02.05,Instrumentos Financeiros Derivativos,0.0
2020-06-30,T2,2.02.02.02.06,Obrigações de Benefícios de Aposentadoria,52460.0
2020-06-30,T2,2.02.03,Tributos Diferidos,0.0
2020-06-30,T2,2.02.03.01,Imposto de Renda e Contribuição Social Diferidos,0.0
2020-06-30,T2,2.02.04,Provisões,148272.0
2020-06-30,T2,2.02.04.01,Provisões Fiscais Previdenciárias Trabalhistas e Cíveis,148272.0
2020-06-30,T2,2.02.04.01.01,Provisões Fiscais,71636.0
2020-06-30,T2,2.02.04.01.02,Provisões Previdenciárias e Trabalhistas,24572.0
2020-06-30,T2,2.02.04.01.03,Provisões para Benefícios a Empregados,0.0
2020-06-30,T2,2.02.04.01.04,Provisões Cíveis,52064.0
2020-06-30,T2,2.02.04.02,Outras Provisões,0.0
2020-06-30,T2,2.02.04.02.01,Provisões para Garantias,0.0
2020-06-30,T2,2.02.04.02.02,Provisões para Reestruturação,0.0
2020-06-30,T2,2.02.04.02.03,Provisões para Passivos Ambientais e de Desativação,0.0
2020-06-30,T2,2.02.04.02.04,Provisão para Desvalorização de Investimento,0.0
2020-06-30,T2,2.02.05,Passivos sobre Ativos Não-Correntes a Venda e Descontinuados,0.0
2020-06-30,T2,2.02.05.01,Passivos sobre Ativos Não-Correntes a Venda,0.0
2020-06-30,T2,2.02.05.02,Passivos sobre Ativos de Operações Descontinuadas,0.0
2020-06-30,T2,2.02.06,Lucros e Receitas a Apropriar,0.0
2020-06-30,T2,2.02.06.01,Lucros a Apropriar,0.0
2020-06-30,T2,2.02.06.02,Receitas a Apropriar,0.0
2020-06-30,T2,2.02.06.03,Subvenções de Investimento a Apropriar,0.0
2020-06-30,T2,2.03,Patrimônio Líquido Consolidado,2370789.0
2020-06-30,T2,2.03.01,Capital Social Realizado,1053760.0
2020-06-30,T2,2.03.02,Reservas de Capital,8941.0
2020-06-30,T2,2.03.02.01,Ágio na Emissão de Ações,0.0
2020-06-30,T2,2.03.02.02,Reserva Especial de Ágio na Incorporação,0.0
2020-06-30,T2,2.03.02.03,Alienação de Bônus de Subscrição,0.0
2020-06-30,T2,2.03.02.04,Opções Outorgadas,8941.0
2020-06-30,T2,2.03.02.05,Ações em Tesouraria,0.0
2020-06-30,T2,2.03.02.06,Adiantamento para Futuro Aumento de Capital,0.0
2020-06-30,T2,2.03.03,Reservas de Reavaliação,0.0
2020-06-30,T2,2.03.04,Reservas de Lucros,709479.0
2020-06-30,T2,2.03.04.01,Reserva Legal,95756.0
2020-06-30,T2,2.03.04.02,Reserva Estatutária,616667.0
2020-06-30,T2,2.03.04.03,Reserva para Contingências,0.0
2020-06-30,T2,2.03.04.04,Reserva de Lucros a Realizar,0.0
2020-06-30,T2,2.03.04.05,Reserva de Retenção de Lucros,0.0
2020-06-30,T2,2.03.04.06,Reserva Especial para Dividendos Não Distribuídos,0.0
2020-06-30,T2,2.03.04.07,Reserva de Incentivos Fiscais,0.0
2020-06-30,T2,2.03.04.08,Dividendo Adicional Proposto,0.0
2020-06-30,T2,2.03.04.09,Ações em Tesouraria,-2944.0
2020-06-30,T2,2.03.05,Lucros/Prejuízos Acumulados,-286635.0
2020-06-30,T2,2.03.06,Ajustes de Avaliação Patrimonial,885244.0
2020-06-30,T2,2.03.07,Ajustes Acumulados de Conversão,0.0
2020-06-30,T2,2.03.08,Outros Resultados Abrangentes,0.0
2020-06-30,T2,2.03.09,Participação dos Acionistas Não Controladores,0.0
2020-09-30,T3,2,Passivo Total,6401913.0
2020-09-30,T3,2.01,Passivo Circulante,1670782.0
2020-09-30,T3,2.01.01,Obrigações Sociais e Trabalhistas,177563.0
2020-09-30,T3,2.01.01.01,Obrigações Sociais,37281.0
2020-09-30,T3,2.01.01.02,Obrigações Trabalhistas,140282.0
2020-09-30,T3,2.01.02,Fornecedores,538689.0
2020-09-30,T3,2.01.02.01,Fornecedores Nacionais,240993.0
2020-09-30,T3,2.01.02.02,Fornecedores Estrangeiros,297696.0
2020-09-30,T3,2.01.03,Obrigações Fiscais,37645.0
2020-09-30,T3,2.01.03.01,Obrigações Fiscais Federais,37405.0
2020-09-30,T3,2.01.03.01.01,Imposto de Renda e Contribuição Social a Pagar,5332.0
2020-09-30,T3,2.01.03.01.02,Demais Tributos Federais a Pagar,32073.0
2020-09-30,T3,2.01.03.02,Obrigações Fiscais Estaduais,125.0
2020-09-30,T3,2.01.03.03,Obrigações Fiscais Municipais,115.0
2020-09-30,T3,2.01.04,Empréstimos e Financiamentos,550665.0
2020-09-30,T3,2.01.04.01,Empréstimos e Financiamentos,550665.0
2020-09-30,T3,2.01.04.01.01,Em Moeda Nacional,518149.0
2020-09-30,T3,2.01.04.01.02,Em Moeda Estrangeira,32516.0
2020-09-30,T3,2.01.04.02,Debêntures,0.0
2020-09-30,T3,2.01.04.03,Financiamento por Arrendamento,0.0
2020-09-30,T3,2.01.05,Outras Obrigações,329731.0
2020-09-30,T3,2.01.05.01,Passivos com Partes Relacionadas,0.0
2020-09-30,T3,2.01.05.01.01,Débitos com Coligadas,0.0
2020-09-30,T3,2.01.05.01.03,Débitos com Controladores,0.0
2020-09-30,T3,2.01.05.01.04,Débitos com Outras Partes Relacionadas,0.0
2020-09-30,T3,2.01.05.02,Outros,329731.0
2020-09-30,T3,2.01.05.02.01,Dividendos e JCP a Pagar,0.0
2020-09-30,T3,2.01.05.02.02,Dividendo Mínimo Obrigatório a Pagar,185.0
2020-09-30,T3,2.01.05.02.03,Obrigações por Pagamentos Baseados em Ações,0.0
2020-09-30,T3,2.01.05.02.04,Financiamentos de Impostos e Encargos Sociais,0.0
2020-09-30,T3,2.01.05.02.05,Adiantamentos de Clientes,170297.0
2020-09-30,T3,2.01.05.02.06,Títulos a Pagar e Outros,86724.0
2020-09-30,T3,2.01.05.02.07,Instrumentos Financeiros Derivativos,72525.0
2020-09-30,T3,2.01.06,Provisões,36489.0
2020-09-30,T3,2.01.06.01,Provisões Fiscais Previdenciárias Trabalhistas e Cíveis,36489.0
2020-09-30,T3,2.01.06.01.01,Provisões Fiscais,0.0
2020-09-30,T3,2.01.06.01.02,Provisões Previdenciárias e Trabalhistas,36489.0
2020-09-30,T3,2.01.06.01.03,Provisões para Benefícios a Empregados,0.0
2020-09-30,T3,2.01.06.01.04,Provisões Cíveis,0.0
2020-09-30,T3,2.01.06.02,Outras Provisões,0.0
2020-09-30,T3,2.01.06.02.01,Provisões para Garantias,0.0
2020-09-30,T3,2.01.06.02.02,Provisões para Reestruturação,0.0
2020-09-30,T3,2.01.06.02.03,Provisões para Passivos Ambientais e de Desativação,0.0
2020-09-30,T3,2.01.07,Passivos sobre Ativos Não-Correntes a Venda e Descontinuados,0.0
2020-09-30,T3,2.01.07.01,Passivos sobre Ativos Não-Correntes a Venda,0.0
2020-09-30,T3,2.01.07.02,Passivos sobre Ativos de Operações Descontinuadas,0.0
2020-09-30,T3,2.02,Passivo Não Circulante,2194229.0
2020-09-30,T3,2.02.01,Empréstimos e Financiamentos,1980553.0
2020-09-30,T3,2.02.01.01,Empréstimos e Financiamentos,1980553.0
2020-09-30,T3,2.02.01.01.01,Em Moeda Nacional,9530.0
2020-09-30,T3,2.02.01.01.02,Em Moeda Estrangeira,1971023.0
2020-09-30,T3,2.02.01.02,Debêntures,0.0
2020-09-30,T3,2.02.01.03,Financiamento por Arrendamento,0.0
2020-09-30,T3,2.02.02,Outras Obrigações,61264.0
2020-09-30,T3,2.02.02.01,Passivos com Partes Relacionadas,0.0
2020-09-30,T3,2.02.02.01.01,Débitos com Coligadas,0.0
2020-09-30,T3,2.02.02.01.03,Débitos com Controladores,0.0
2020-09-30,T3,2.02.02.01.04,Débitos com Outras Partes Relacionadas,0.0
2020-09-30,T3,2.02.02.02,Outros,61264.0
2020-09-30,T3,2.02.02.02.01,Obrigações por Pagamentos Baseados em Ações,0.0
2020-09-30,T3,2.02.02.02.02,Adiantamento para Futuro Aumento de Capital,0.0
2020-09-30,T3,2.02.02.02.03,Financiamentos de Impostos e Encargos Sociais,0.0
2020-09-30,T3,2.02.02.02.04,Outros passivos de Longo Prazo,2248.0
2020-09-30,T3,2.02.02.02.05,Instrumentos Financeiros Derivativos,0.0
2020-09-30,T3,2.02.02.02.06,Obrigações de Benefícios de Aposentadoria,59016.0
2020-09-30,T3,2.02.03,Tributos Diferidos,0.0
2020-09-30,T3,2.02.03.01,Imposto de Renda e Contribuição Social Diferidos,0.0
2020-09-30,T3,2.02.04,Provisões,152412.0
2020-09-30,T3,2.02.04.01,Provisões Fiscais Previdenciárias Trabalhistas e Cíveis,152412.0
2020-09-30,T3,2.02.04.01.01,Provisões Fiscais,73036.0
2020-09-30,T3,2.02.04.01.02,Provisões Previdenciárias e Trabalhistas,25965.0
2020-09-30,T3,2.02.04.01.03,Provisões para Benefícios a Empregados,0.0
2020-09-30,T3,2.02.04.01.04,Provisões Cíveis,53411.0
2020-09-30,T3,2.02.04.02,Outras Provisões,0.0
2020-09-30,T3,2.02.04.02.01,Provisões para Garantias,0.0
2020-09-30,T3,2.02.04.02.02,Provisões para Reestruturação,0.0
2020-09-30,T3,2.02.04.02.03,Provisões para Passivos Ambientais e de Desativação,0.0
2020-09-30,T3,2.02.04.02.04,Provisão para Desvalorização de Investimento,0.0
2020-09-30,T3,2.02.05,Passivos sobre Ativos Não-Correntes a Venda e Descontinuados,0.0
2020-09-30,T3,2.02.05.01,Passivos sobre Ativos Não-Correntes a Venda,0.0
2020-09-30,T3,2.02.05.02,Passivos sobre Ativos de Operações Descontinuadas,0.0
2020-09-30,T3,2.02.06,Lucros e Receitas a Apropriar,0.0
2020-09-30,T3,2.02.06.01,Lucros a Apropriar,0.0
2020-09-30,T3,2.02.06.02,Receitas a Apropriar,0.0
2020-09-30,T3,2.02.06.03,Subvenções de Investimento a Apropriar,0.0
2020-09-30,T3,2.03,Patrimônio Líquido Consolidado,2536902.0
2020-09-30,T3,2.03.01,Capital Social Realizado,1053760.0
2020-09-30,T3,2.03.02,Reservas de Capital,9717.0
2020-09-30,T3,2.03.02.01,Ágio na Emissão de Ações,0.0
2020-09-30,T3,2.03.02.02,Reserva Especial de Ágio na Incorporação,0.0
2020-09-30,T3,2.03.02.03,Alienação de Bônus de Subscrição,0.0
2020-09-30,T3,2.03.02.04,Opções Outorgadas,9717.0
2020-09-30,T3,2.03.02.05,Ações em Tesouraria,0.0
2020-09-30,T3,2.03.02.06,Adiantamento para Futuro Aumento de Capital,0.0
2020-09-30,T3,2.03.03,Reservas de Reavaliação,0.0
2020-09-30,T3,2.03.04,Reservas de Lucros,709479.0
2020-09-30,T3,2.03.04.01,Reserva Legal,95756.0
2020-09-30,T3,2.03.04.02,Reserva Estatutária,616667.0
2020-09-30,T3,2.03.04.03,Reserva para Contingências,0.0
2020-09-30,T3,2.03.04.04,Reserva de Lucros a Realizar,0.0
2020-09-30,T3,2.03.04.05,Reserva de Retenção de Lucros,0.0
2020-09-30,T3,2.03.04.06,Reserva Especial para Dividendos Não Distribuídos,0.0
2020-09-30,T3,2.03.04.07,Reserva de Incentivos Fiscais,0.0
2020-09-30,T3,2.03.04.08,Dividendo Adicional Proposto,0.0
2020-09-30,T3,2.03.04.09,Ações em Tesouraria,-2944.0
2020-09-30,T3,2.03.05,Lucros/Prejuízos Acumulados,-156670.0
2020-09-30,T3,2.03.06,Ajustes de Avaliação Patrimonial,920616.0
2020-09-30,T3,2.03.07,Ajustes Acumulados de Conversão,0.0
2020-09-30,T3,2.03.08,Outros Resultados Abrangentes,0.0
2020-09-30,T3,2.03.09,Participação dos Acionistas Não Controladores,0.0
2021-03-31,T1,2,Passivo Total,6481104.0
2021-03-31,T1,2.01,Passivo Circulante,1502533.0
2021-03-31,T1,2.01.01,Obrigações Sociais e Trabalhistas,180787.0
2021-03-31,T1,2.01.01.01,Obrigações Sociais,35732.0
2021-03-31,T1,2.01.01.02,Obrigações Trabalhistas,145055.0
2021-03-31,T1,2.01.02,Fornecedores,777710.0
2021-03-31,T1,2.01.02.01,Fornecedores Nacionais,370235.0
2021-03-31,T1,2.01.02.02,Fornecedores Estrangeiros,407475.0
2021-03-31,T1,2.01.03,Obrigações Fiscais,82089.0
2021-03-31,T1,2.01.03.01,Obrigações Fiscais Federais,81184.0
2021-03-31,T1,2.01.03.01.01,Imposto de Renda e Contribuição Social a Pagar,35652.0
2021-03-31,T1,2.01.03.01.02,Demais Tributos Federais a Pagar,45532.0
2021-03-31,T1,2.01.03.02,Obrigações Fiscais Estaduais,739.0
2021-03-31,T1,2.01.03.03,Obrigações Fiscais Municipais,166.0
2021-03-31,T1,2.01.04,Empréstimos e Financiamentos,158486.0
2021-03-31,T1,2.01.04.01,Empréstimos e Financiamentos,158486.0
2021-03-31,T1,2.01.04.01.01,Em Moeda Nacional,138409.0
2021-03-31,T1,2.01.04.01.02,Em Moeda Estrangeira,20077.0
2021-03-31,T1,2.01.04.02,Debêntures,0.0
2021-03-31,T1,2.01.04.03,Financiamento por Arrendamento,0.0
2021-03-31,T1,2.01.05,Outras Obrigações,270140.0
2021-03-31,T1,2.01.05.01,Passivos com Partes Relacionadas,0.0
2021-03-31,T1,2.01.05.01.01,Débitos com Coligadas,0.0
2021-03-31,T1,2.01.05.01.03,Débitos com Controladores,0.0
2021-03-31,T1,2.01.05.01.04,Débitos com Outras Partes Relacionadas,0.0
2021-03-31,T1,2.01.05.02,Outros,270140.0
2021-03-31,T1,2.01.05.02.01,Dividendos e JCP a Pagar,0.0
2021-03-31,T1,2.01.05.02.02,Dividendo Mínimo Obrigatório a Pagar,135.0
2021-03-31,T1,2.01.05.02.03,Obrigações por Pagamentos Baseados em Ações,0.0
2021-03-31,T1,2.01.05.02.04,Financiamentos de Impostos e Encargos Sociais,0.0
2021-03-31,T1,2.01.05.02.05,Adiantamentos de Clientes,173928.0
2021-03-31,T1,2.01.05.02.06,Títulos a Pagar e Outros,89883.0
2021-03-31,T1,2.01.05.02.07,Instrumentos Financeiros Derivativos,6194.0
2021-03-31,T1,2.01.06,Provisões,33321.0
2021-03-31,T1,2.01.06.01,Provisões Fiscais Previdenciárias Trabalhistas e Cíveis,33321.0
2021-03-31,T1,2.01.06.01.01,Provisões Fiscais,0.0
2021-03-31,T1,2.01.06.01.02,Provisões Previdenciárias e Trabalhistas,33321.0
2021-03-31,T1,2.01.06.01.03,Provisões para Benefícios a Empregados,0.0
2021-03-31,T1,2.01.06.01.04,Provisões Cíveis,0.0
2021-03-31,T1,2.01.06.02,Outras Provisões,0.0
2021-03-31,T1,2.01.06.02.01,Provisões para Garantias,0.0
2021-03-31,T1,2.01.06.02.02,Provisões para Reestruturação,0.0
2021-03-31,T1,2.01.06.02.03,Provisões para Passivos Ambientais e de Desativação,0.0
2021-03-31,T1,2.01.07,Passivos sobre Ativos Não-Correntes a Venda e Descontinuados,0.0
2021-03-31,T1,2.01.07.01,Passivos sobre Ativos Não-Correntes a Venda,0.0
2021-03-31,T1,2.01.07.02,Passivos sobre Ativos de Operações Descontinuadas,0.0
2021-03-31,T1,2.02,Passivo Não Circulante,2358149.0
2021-03-31,T1,2.02.01,Empréstimos e Financiamentos,2125644.0
2021-03-31,T1,2.02.01.01,Empréstimos e Financiamentos,2125644.0
2021-03-31,T1,2.02.01.01.01,Em Moeda Nacional,6339.0
2021-03-31,T1,2.02.01.01.02,Em Moeda Estrangeira,2119305.0
2021-03-31,T1,2.02.01.02,Debêntures,0.0
2021-03-31,T1,2.02.01.03,Financiamento por Arrendamento,0.0
2021-03-31,T1,2.02.02,Outras Obrigações,77602.0
2021-03-31,T1,2.02.02.01,Passivos com Partes Relacionadas,0.0
2021-03-31,T1,2.02.02.01.01,Débitos com Coligadas,0.0
2021-03-31,T1,2.02.02.01.03,Débitos com Controladores,0.0
2021-03-31,T1,2.02.02.01.04,Débitos com Outras Partes Relacionadas,0.0
2021-03-31,T1,2.02.02.02,Outros,77602.0
2021-03-31,T1,2.02.02.02.01,Obrigações por Pagamentos Baseados em Ações,0.0
2021-03-31,T1,2.02.02.02.02,Adiantamento para Futuro Aumento de Capital,0.0
2021-03-31,T1,2.02.02.02.03,Financiamentos de Impostos e Encargos Sociais,0.0
2021-03-31,T1,2.02.02.02.04,Outros passivos de Longo Prazo,4816.0
2021-03-31,T1,2.02.02.02.05,Instrumentos Financeiros Derivativos,0.0
2021-03-31,T1,2.02.02.02.06,Obrigações de Benefícios de Aposentadoria,72786.0
2021-03-31,T1,2.02.03,Tributos Diferidos,0.0
2021-03-31,T1,2.02.03.01,Imposto de Renda e Contribuição Social Diferidos,0.0
2021-03-31,T1,2.02.04,Provisões,154903.0
2021-03-31,T1,2.02.04.01,Provisões Fiscais Previdenciárias Trabalhistas e Cíveis,154903.0
2021-03-31,T1,2.02.04.01.01,Provisões Fiscais,73706.0
2021-03-31,T1,2.02.04.01.02,Provisões Previdenciárias e Trabalhistas,29068.0
2021-03-31,T1,2.02.04.01.03,Provisões para Benefícios a Empregados,0.0
2021-03-31,T1,2.02.04.01.04,Provisões Cíveis,52129.0
2021-03-31,T1,2.02.04.02,Outras Provisões,0.0
2021-03-31,T1,2.02.04.02.01,Provisões para Garantias,0.0
2021-03-31,T1,2.02.04.02.02,Provisões para Reestruturação,0.0
2021-03-31,T1,2.02.04.02.03,Provisões para Passivos Ambientais e de Desativação,0.0
2021-03-31,T1,2.02.04.02.04,Provisão para Desvalorização de Investimento,0.0
2021-03-31,T1,2.02.05,Passivos sobre Ativos Não-Correntes a Venda e Descontinuados,0.0
2021-03-31,T1,2.02.05.01,Passivos sobre Ativos Não-Correntes a Venda,0.0
2021-03-31,T1,2.02.05.02,Passivos sobre Ativos de Operações Descontinuadas,0.0
2021-03-31,T1,2.02.06,Lucros e Receitas a Apropriar,0.0
2021-03-31,T1,2.02.06.01,Lucros a Apropriar,0.0
2021-03-31,T1,2.02.06.02,Receitas a Apropriar,0.0
2021-03-31,T1,2.02.06.03,Subvenções de Investimento a Apropriar,0.0
2021-03-31,T1,2.03,Patrimônio Líquido Consolidado,2620422.0
2021-03-31,T1,2.03.01,Capital Social Realizado,1053760.0
2021-03-31,T1,2.03.02,Reservas de Capital,5745.0
2021-03-31,T1,2.03.02.01,Ágio na Emissão de Ações,0.0
2021-03-31,T1,2.03.02.02,Reserva Especial de Ágio na Incorporação,0.0
2021-03-31,T1,2.03.02.03,Alienação de Bônus de Subscrição,0.0
2021-03-31,T1,2.03.02.04,Opções Outorgadas,5745.0
2021-03-31,T1,2.03.02.05,Ações em Tesouraria,0.0
2021-03-31,T1,2.03.02.06,Adiantamento para Futuro Aumento de Capital,0.0
2021-03-31,T1,2.03.03,Reservas de Reavaliação,0.0
2021-03-31,T1,2.03.04,Reservas de Lucros,645042.0
2021-03-31,T1,2.03.04.01,Reserva Legal,95756.0
2021-03-31,T1,2.03.04.02,Reserva Estatutária,549436.0
2021-03-31,T1,2.03.04.03,Reserva para Contingências,0.0
2021-03-31,T1,2.03.04.04,Reserva de Lucros a Realizar,0.0
2021-03-31,T1,2.03.04.05,Reserva de Retenção de Lucros,0.0
2021-03-31,T1,2.03.04.06,Reserva Especial para Dividendos Não Distribuídos,0.0
2021-03-31,T1,2.03.04.07,Reserva de Incentivos Fiscais,0.0
2021-03-31,T1,2.03.04.08,Dividendo Adicional Proposto,0.0
2021-03-31,T1,2.03.04.09,Ações em Tesouraria,-150.0
2021-03-31,T1,2.03.05,Lucros/Prejuízos Acumulados,-13317.0
2021-03-31,T1,2.03.06,Ajustes de Avaliação Patrimonial,929192.0
2021-03-31,T1,2.03.07,Ajustes Acumulados de Conversão,0.0
2021-03-31,T1,2.03.08,Outros Resultados Abrangentes,0.0
2021-03-31,T1,2.03.09,Participação dos Acionistas Não Controladores,0.0
2021-06-30,T2,2,Passivo Total,6213281.0
2021-06-30,T2,2.01,Passivo Circulante,1607636.0
2021-06-30,T2,2.01.01,Obrigações Sociais e Trabalhistas,204205.0
2021-06-30,T2,2.01.01.01,Obrigações Sociais,35343.0
2021-06-30,T2,2.01.01.02,Obrigações Trabalhistas,168862.0
2021-06-30,T2,2.01.02,Fornecedores,869932.0
2021-06-30,T2,2.01.02.01,Fornecedores Nacionais,444138.0
2021-06-30,T2,2.01.02.02,Fornecedores Estrangeiros,425794.0
2021-06-30,T2,2.01.03,Obrigações Fiscais,75498.0
2021-06-30,T2,2.01.03.01,Obrigações Fiscais Federais,74475.0
2021-06-30,T2,2.01.03.01.01,Imposto de Renda e Contribuição Social a Pagar,28758.0
2021-06-30,T2,2.01.03.01.02,Demais Tributos Federais a Pagar,45717.0
2021-06-30,T2,2.01.03.02,Obrigações Fiscais Estaduais,864.0
2021-06-30,T2,2.01.03.03,Obrigações Fiscais Municipais,159.0
2021-06-30,T2,2.01.04,Empréstimos e Financiamentos,177012.0
2021-06-30,T2,2.01.04.01,Empréstimos e Financiamentos,177012.0
2021-06-30,T2,2.01.04.01.01,Em Moeda Nacional,139827.0
2021-06-30,T2,2.01.04.01.02,Em Moeda Estrangeira,37185.0
2021-06-30,T2,2.01.04.02,Debêntures,0.0
2021-06-30,T2,2.01.04.03,Financiamento por Arrendamento,0.0
2021-06-30,T2,2.01.05,Outras Obrigações,247686.0
2021-06-30,T2,2.01.05.01,Passivos com Partes Relacionadas,0.0
2021-06-30,T2,2.01.05.01.01,Débitos com Coligadas,0.0
2021-06-30,T2,2.01.05.01.03,Débitos com Controladores,0.0
2021-06-30,T2,2.01.05.01.04,Débitos com Outras Partes Relacionadas,0.0
2021-06-30,T2,2.01.05.02,Outros,247686.0
2021-06-30,T2,2.01.05.02.01,Dividendos e JCP a Pagar,0.0
2021-06-30,T2,2.01.05.02.02,Dividendo Mínimo Obrigatório a Pagar,19776.0
2021-06-30,T2,2.01.05.02.03,Obrigações por Pagamentos Baseados em Ações,0.0
2021-06-30,T2,2.01.05.02.04,Financiamentos de Impostos e Encargos Sociais,0.0
2021-06-30,T2,2.01.05.02.05,Adiantamentos de Clientes,148226.0
2021-06-30,T2,2.01.05.02.06,Títulos a Pagar e Outros,79012.0
2021-06-30,T2,2.01.05.02.07,Instrumentos Financeiros Derivativos,672.0
2021-06-30,T2,2.01.06,Provisões,33303.0
2021-06-30,T2,2.01.06.01,Provisões Fiscais Previdenciárias Trabalhistas e Cíveis,33303.0
2021-06-30,T2,2.01.06.01.01,Provisões Fiscais,0.0
2021-06-30,T2,2.01.06.01.02,Provisões Previdenciárias e Trabalhistas,33303.0
2021-06-30,T2,2.01.06.01.03,Provisões para Benefícios a Empregados,0.0
2021-06-30,T2,2.01.06.01.04,Provisões Cíveis,0.0
2021-06-30,T2,2.01.06.02,Outras Provisões,0.0
2021-06-30,T2,2.01.06.02.01,Provisões para Garantias,0.0
2021-06-30,T2,2.01.06.02.02,Provisões para Reestruturação,0.0
2021-06-30,T2,2.01.06.02.03,Provisões para Passivos Ambientais e de Desativação,0.0
2021-06-30,T2,2.01.07,Passivos sobre Ativos Não-Correntes a Venda e Descontinuados,0.0
2021-06-30,T2,2.01.07.01,Passivos sobre Ativos Não-Correntes a Venda,0.0
2021-06-30,T2,2.01.07.02,Passivos sobre Ativos de Operações Descontinuadas,0.0
2021-06-30,T2,2.02,Passivo Não Circulante,2099168.0
2021-06-30,T2,2.02.01,Empréstimos e Financiamentos,1866329.0
2021-06-30,T2,2.02.01.01,Empréstimos e Financiamentos,1866329.0
2021-06-30,T2,2.02.01.01.01,Em Moeda Nacional,4838.0
2021-06-30,T2,2.02.01.01.02,Em Moeda Estrangeira,1861491.0
2021-06-30,T2,2.02.01.02,Debêntures,0.0
2021-06-30,T2,2.02.01.03,Financiamento por Arrendamento,0.0
2021-06-30,T2,2.02.02,Outras Obrigações,71905.0
2021-06-30,T2,2.02.02.01,Passivos com Partes Relacionadas,0.0
2021-06-30,T2,2.02.02.01.01,Débitos com Coligadas,0.0
2021-06-30,T2,2.02.02.01.03,Débitos com Controladores,0.0
2021-06-30,T2,2.02.02.01.04,Débitos com Outras Partes Relacionadas,0.0
2021-06-30,T2,2.02.02.02,Outros,71905.0
2021-06-30,T2,2.02.02.02.01,Obrigações por Pagamentos Baseados em Ações,0.0
2021-06-30,T2,2.02.02.02.02,Adiantamento para Futuro Aumento de Capital,0.0
2021-06-30,T2,2.02.02.02.03,Financiamentos de Impostos e Encargos Sociais,0.0
2021-06-30,T2,2.02.02.02.04,Outros passivos de Longo Prazo,4163.0
2021-06-30,T2,2.02.02.02.05,Instrumentos Financeiros Derivativos,0.0
2021-06-30,T2,2.02.02.02.06,Obrigações de Benefícios de Aposentadoria,67742.0
2021-06-30,T2,2.02.03,Tributos Diferidos,0.0
2021-06-30,T2,2.02.03.01,Imposto de Renda e Contribuição Social Diferidos,0.0
2021-06-30,T2,2.02.04,Provisões,160934.0
2021-06-30,T2,2.02.04.01,Provisões Fiscais Previdenciárias Trabalhistas e Cíveis,160934.0
2021-06-30,T2,2.02.04.01.01,Provisões Fiscais,74333.0
2021-06-30,T2,2.02.04.01.02,Provisões Previdenciárias e Trabalhistas,30238.0
2021-06-30,T2,2.02.04.01.03,Provisões para Benefícios a Empregados,0.0
2021-06-30,T2,2.02.04.01.04,Provisões Cíveis,56363.0
2021-06-30,T2,2.02.04.02,Outras Provisões,0.0
2021-06-30,T2,2.02.04.02.01,Provisões para Garantias,0.0
2021-06-30,T2,2.02.04.02.02,Provisões para Reestruturação,0.0
2021-06-30,T2,2.02.04.02.03,Provisões para Passivos Ambientais e de Desativação,0.0
2021-06-30,T2,2.02.04.02.04,Provisão para Desvalorização de Investimento,0.0
2021-06-30,T2,2.02.05,Passivos sobre Ativos Não-Correntes a Venda e Descontinuados,0.0
2021-06-30,T2,2.02.05.01,Passivos sobre Ativos Não-Correntes a Venda,0.0
2021-06-30,T2,2.02.05.02,Passivos sobre Ativos de Operações Descontinuadas,0.0
2021-06-30,T2,2.02.06,Lucros e Receitas a Apropriar,0.0
2021-06-30,T2,2.02.06.01,Lucros a Apropriar,0.0
2021-06-30,T2,2.02.06.02,Receitas a Apropriar,0.0
2021-06-30,T2,2.02.06.03,Subvenções de Investimento a Apropriar,0.0
2021-06-30,T2,2.03,Patrimônio Líquido Consolidado,2506477.0
2021-06-30,T2,2.03.01,Capital Social Realizado,1053760.0
2021-06-30,T2,2.03.02,Reservas de Capital,6612.0
2021-06-30,T2,2.03.02.01,Ágio na Emissão de Ações,0.0
2021-06-30,T2,2.03.02.02,Reserva Especial de Ágio na Incorporação,0.0
2021-06-30,T2,2.03.02.03,Alienação de Bônus de Subscrição,0.0
2021-06-30,T2,2.03.02.04,Opções Outorgadas,6612.0
2021-06-30,T2,2.03.02.05,Ações em Tesouraria,0.0
2021-06-30,T2,2.03.02.06,Adiantamento para Futuro Aumento de Capital,0.0
2021-06-30,T2,2.03.03,Reservas de Reavaliação,0.0
2021-06-30,T2,2.03.04,Reservas de Lucros,625551.0
2021-06-30,T2,2.03.04.01,Reserva Legal,95756.0
2021-06-30,T2,2.03.04.02,Reserva Estatutária,529795.0
2021-06-30,T2,2.03.04.03,Reserva para Contingências,0.0
2021-06-30,T2,2.03.04.04,Reserva de Lucros a Realizar,0.0
2021-06-30,T2,2.03.04.05,Reserva de Retenção de Lucros,0.0
2021-06-30,T2,2.03.04.06,Reserva Especial para Dividendos Não Distribuídos,0.0
2021-06-30,T2,2.03.04.07,Reserva de Incentivos Fiscais,0.0
2021-06-30,T2,2.03.04.08,Dividendo Adicional Proposto,0.0
2021-06-30,T2,2.03.04.09,Ações em Tesouraria,0.0
2021-06-30,T2,2.03.05,Lucros/Prejuízos Acumulados,19556.0
2021-06-30,T2,2.03.06,Ajustes de Avaliação Patrimonial,800998.0
2021-06-30,T2,2.03.07,Ajustes Acumulados de Conversão,0.0
2021-06-30,T2,2.03.08,Outros Resultados Abrangentes,0.0
2021-06-30,T2,2.03.09,Participação dos Acionistas Não Controladores,0.0
2021-09-30,T3,2,Passivo Total,6471846.0
2021-09-30,T3,2.01,Passivo Circulante,1494666.0
2021-09-30,T3,2.01.01,Obrigações Sociais e Trabalhistas,248520.0
2021-09-30,T3,2.01.01.01,Obrigações Sociais,31700.0
2021-09-30,T3,2.01.01.02,Obrigações Trabalhistas,216820.0
2021-09-30,T3,2.01.02,Fornecedores,838137.0
2021-09-30,T3,2.01.02.01,Fornecedores Nacionais,396666.0
2021-09-30,T3,2.01.02.02,Fornecedores Estrangeiros,441471.0
2021-09-30,T3,2.01.03,Obrigações Fiscais,79167.0
2021-09-30,T3,2.01.03.01,Obrigações Fiscais Federais,77718.0
2021-09-30,T3,2.01.03.01.01,Imposto de Renda e Contribuição Social a Pagar,49246.0
2021-09-30,T3,2.01.03.01.02,Demais Tributos Federais a Pagar,28472.0
2021-09-30,T3,2.01.03.02,Obrigações Fiscais Estaduais,1273.0
2021-09-30,T3,2.01.03.03,Obrigações Fiscais Municipais,176.0
2021-09-30,T3,2.01.04,Empréstimos e Financiamentos,35204.0
2021-09-30,T3,2.01.04.01,Empréstimos e Financiamentos,35204.0
2021-09-30,T3,2.01.04.01.01,Em Moeda Nacional,8401.0
2021-09-30,T3,2.01.04.01.02,Em Moeda Estrangeira,26803.0
2021-09-30,T3,2.01.04.02,Debêntures,0.0
2021-09-30,T3,2.01.04.03,Financiamento por Arrendamento,0.0
2021-09-30,T3,2.01.05,Outras Obrigações,261348.0
2021-09-30,T3,2.01.05.01,Passivos com Partes Relacionadas,0.0
2021-09-30,T3,2.01.05.01.01,Débitos com Coligadas,0.0
2021-09-30,T3,2.01.05.01.03,Débitos com Controladores,0.0
2021-09-30,T3,2.01.05.01.04,Débitos com Outras Partes Relacionadas,0.0
2021-09-30,T3,2.01.05.02,Outros,261348.0
2021-09-30,T3,2.01.05.02.01,Dividendos e JCP a Pagar,0.0
2021-09-30,T3,2.01.05.02.02,Dividendo Mínimo Obrigatório a Pagar,20634.0
2021-09-30,T3,2.01.05.02.03,Obrigações por Pagamentos Baseados em Ações,0.0
2021-09-30,T3,2.01.05.02.04,Financiamentos de Impostos e Encargos Sociais,0.0
2021-09-30,T3,2.01.05.02.05,Adiantamentos de Clientes,143192.0
2021-09-30,T3,2.01.05.02.06,Títulos a Pagar e Outros,93356.0
2021-09-30,T3,2.01.05.02.07,Instrumentos Financeiros Derivativos,4166.0
2021-09-30,T3,2.01.06,Provisões,32290.0
2021-09-30,T3,2.01.06.01,Provisões Fiscais Previdenciárias Trabalhistas e Cíveis,32290.0
2021-09-30,T3,2.01.06.01.01,Provisões Fiscais,0.0
2021-09-30,T3,2.01.06.01.02,Provisões Previdenciárias e Trabalhistas,32290.0
2021-09-30,T3,2.01.06.01.03,Provisões para Benefícios a Empregados,0.0
2021-09-30,T3,2.01.06.01.04,Provisões Cíveis,0.0
2021-09-30,T3,2.01.06.02,Outras Provisões,0.0
2021-09-30,T3,2.01.06.02.01,Provisões para Garantias,0.0
2021-09-30,T3,2.01.06.02.02,Provisões para Reestruturação,0.0
2021-09-30,T3,2.01.06.02.03,Provisões para Passivos Ambientais e de Desativação,0.0
2021-09-30,T3,2.01.07,Passivos sobre Ativos Não-Correntes a Venda e Descontinuados,0.0
2021-09-30,T3,2.01.07.01,Passivos sobre Ativos Não-Correntes a Venda,0.0
2021-09-30,T3,2.01.07.02,Passivos sobre Ativos de Operações Descontinuadas,0.0
2021-09-30,T3,2.02,Passivo Não Circulante,2286430.0
2021-09-30,T3,2.02.01,Empréstimos e Financiamentos,2042549.0
2021-09-30,T3,2.02.01.01,Empréstimos e Financiamentos,2042549.0
2021-09-30,T3,2.02.01.01.01,Em Moeda Nacional,3965.0
2021-09-30,T3,2.02.01.01.02,Em Moeda Estrangeira,2038584.0
2021-09-30,T3,2.02.01.02,Debêntures,0.0
2021-09-30,T3,2.02.01.03,Financiamento por Arrendamento,0.0
2021-09-30,T3,2.02.02,Outras Obrigações,77477.0
2021-09-30,T3,2.02.02.01,Passivos com Partes Relacionadas,0.0
2021-09-30,T3,2.02.02.01.01,Débitos com Coligadas,0.0
2021-09-30,T3,2.02.02.01.03,Débitos com Controladores,0.0
2021-09-30,T3,2.02.02.01.04,Débitos com Outras Partes Relacionadas,0.0
2021-09-30,T3,2.02.02.02,Outros,77477.0
2021-09-30,T3,2.02.02.02.01,Obrigações por Pagamentos Baseados em Ações,0.0
2021-09-30,T3,2.02.02.02.02,Adiantamento para Futuro Aumento de Capital,0.0
2021-09-30,T3,2.02.02.02.03,Financiamentos de Impostos e Encargos Sociais,0.0
2021-09-30,T3,2.02.02.02.04,Outros passivos de Longo Prazo,3811.0
2021-09-30,T3,2.02.02.02.05,Obrigações de Benefícios de Aposentadoria,73666.0
2021-09-30,T3,2.02.02.02.06,Instrumentos Financeiros Derivativos,0.0
2021-09-30,T3,2.02.03,Tributos Diferidos,0.0
2021-09-30,T3,2.02.03.01,Imposto de Renda e Contribuição Social Diferidos,0.0
2021-09-30,T3,2.02.04,Provisões,166404.0
2021-09-30,T3,2.02.04.01,Provisões Fiscais Previdenciárias Trabalhistas e Cíveis,166404.0
2021-09-30,T3,2.02.04.01.01,Provisões Fiscais,75047.0
2021-09-30,T3,2.02.04.01.02,Provisões Previdenciárias e Trabalhistas,35070.0
2021-09-30,T3,2.02.04.01.03,Provisões para Benefícios a Empregados,0.0
2021-09-30,T3,2.02.04.01.04,Provisões Cíveis,56287.0
2021-09-30,T3,2.02.04.02,Outras Provisões,0.0
2021-09-30,T3,2.02.04.02.01,Provisões para Garantias,0.0
2021-09-30,T3,2.02.04.02.02,Provisões para Reestruturação,0.0
2021-09-30,T3,2.02.04.02.03,Provisões para Passivos Ambientais e de Desativação,0.0
2021-09-30,T3,2.02.05,Passivos sobre Ativos Não-Correntes a Venda e Descontinuados,0.0
2021-09-30,T3,2.02.05.01,Passivos sobre Ativos Não-Correntes a Venda,0.0
2021-09-30,T3,2.02.05.02,Passivos sobre Ativos de Operações Descontinuadas,0.0
2021-09-30,T3,2.02.06,Lucros e Receitas a Apropriar,0.0
2021-09-30,T3,2.02.06.01,Lucros a Apropriar,0.0
2021-09-30,T3,2.02.06.02,Receitas a Apropriar,0.0
2021-09-30,T3,2.02.06.03,Subvenções de Investimento a Apropriar,0.0
2021-09-30,T3,2.03,Patrimônio Líquido Consolidado,2690750.0
2021-09-30,T3,2.03.01,Capital Social Realizado,1053760.0
2021-09-30,T3,2.03.02,Reservas de Capital,7761.0
2021-09-30,T3,2.03.02.01,Ágio na Emissão de Ações,0.0
2021-09-30,T3,2.03.02.02,Reserva Especial de Ágio na Incorporação,0.0
2021-09-30,T3,2.03.02.03,Alienação de Bônus de Subscrição,0.0
2021-09-30,T3,2.03.02.04,Opções Outorgadas,7761.0
2021-09-30,T3,2.03.02.05,Ações em Tesouraria,0.0
2021-09-30,T3,2.03.02.06,Adiantamento para Futuro Aumento de Capital,0.0
2021-09-30,T3,2.03.03,Reservas de Reavaliação,0.0
2021-09-30,T3,2.03.04,Reservas de Lucros,605058.0
2021-09-30,T3,2.03.04.01,Reserva Legal,95756.0
2021-09-30,T3,2.03.04.02,Reserva Estatutária,509302.0
2021-09-30,T3,2.03.04.03,Reserva para Contingências,0.0
2021-09-30,T3,2.03.04.04,Reserva de Lucros a Realizar,0.0
2021-09-30,T3,2.03.04.05,Reserva de Retenção de Lucros,0.0
2021-09-30,T3,2.03.04.06,Reserva Especial para Dividendos Não Distribuídos,0.0
2021-09-30,T3,2.03.04.07,Reserva de Incentivos Fiscais,0.0
2021-09-30,T3,2.03.04.08,Dividendo Adicional Proposto,0.0
2021-09-30,T3,2.03.04.09,Ações em Tesouraria,0.0
2021-09-30,T3,2.03.05,Lucros/Prejuízos Acumulados,146017.0
2021-09-30,T3,2.03.06,Ajustes de Avaliação Patrimonial,878154.0
2021-09-30,T3,2.03.07,Ajustes Acumulados de Conversão,0.0
2021-09-30,T3,2.03.08,Outros Resultados Abrangentes,0.0
2021-09-30,T3,2.03.09,Participação dos Acionistas Não Controladores,0.0
2022-03-31,T1,2,Passivo Total,6955059.0
2022-03-31,T1,2.01,Passivo Circulante,1921247.0
2022-03-31,T1,2.01.01,Obrigações Sociais e Trabalhistas,267469.0
2022-03-31,T1,2.01.01.01,Obrigações Sociais,34079.0
2022-03-31,T1,2.01.01.02,Obrigações Trabalhistas,233390.0
2022-03-31,T1,2.01.02,Fornecedores,1086964.0
2022-03-31,T1,2.01.02.01,Fornecedores Nacionais,596798.0
2022-03-31,T1,2.01.02.02,Fornecedores Estrangeiros,490166.0
2022-03-31,T1,2.01.03,Obrigações Fiscais,109148.0
2022-03-31,T1,2.01.03.01,Obrigações Fiscais Federais,107504.0
2022-03-31,T1,2.01.03.01.01,Imposto de Renda e Contribuição Social a Pagar,82611.0
2022-03-31,T1,2.01.03.01.02,Demais Tributos Federais a Pagar,24893.0
2022-03-31,T1,2.01.03.02,Obrigações Fiscais Estaduais,1439.0
2022-03-31,T1,2.01.03.03,Obrigações Fiscais Municipais,205.0
2022-03-31,T1,2.01.04,Empréstimos e Financiamentos,241374.0
2022-03-31,T1,2.01.04.01,Empréstimos e Financiamentos,241374.0
2022-03-31,T1,2.01.04.01.01,Em Moeda Nacional,6917.0
2022-03-31,T1,2.01.04.01.02,Em Moeda Estrangeira,234457.0
2022-03-31,T1,2.01.04.02,Debêntures,0.0
2022-03-31,T1,2.01.04.03,Financiamento por Arrendamento,0.0
2022-03-31,T1,2.01.05,Outras Obrigações,184938.0
2022-03-31,T1,2.01.05.01,Passivos com Partes Relacionadas,0.0
2022-03-31,T1,2.01.05.01.01,Débitos com Coligadas,0.0
2022-03-31,T1,2.01.05.01.03,Débitos com Controladores,0.0
2022-03-31,T1,2.01.05.01.04,Débitos com Outras Partes Relacionadas,0.0
2022-03-31,T1,2.01.05.02,Outros,184938.0
2022-03-31,T1,2.01.05.02.01,Dividendos e JCP a Pagar,0.0
2022-03-31,T1,2.01.05.02.02,Dividendo Mínimo Obrigatório a Pagar,152.0
2022-03-31,T1,2.01.05.02.03,Obrigações por Pagamentos Baseados em Ações,0.0
2022-03-31,T1,2.01.05.02.04,Financiamentos de Impostos e Encargos Sociais,0.0
2022-03-31,T1,2.01.05.02.05,Adiantamentos de Clientes,99942.0
2022-03-31,T1,2.01.05.02.06,Títulos a Pagar e Outros,84844.0
2022-03-31,T1,2.01.05.02.07,Instrumentos Financeiros Derivativos,0.0
2022-03-31,T1,2.01.06,Provisões,31354.0
2022-03-31,T1,2.01.06.01,Provisões Fiscais Previdenciárias Trabalhistas e Cíveis,31354.0
2022-03-31,T1,2.01.06.01.01,Provisões Fiscais,0.0
2022-03-31,T1,2.01.06.01.02,Provisões Previdenciárias e Trabalhistas,31354.0
2022-03-31,T1,2.01.06.01.03,Provisões para Benefícios a Empregados,0.0
2022-03-31,T1,2.01.06.01.04,Provisões Cíveis,0.0
2022-03-31,T1,2.01.06.02,Outras Provisões,0.0
2022-03-31,T1,2.01.06.02.01,Provisões para Garantias,0.0
2022-03-31,T1,2.01.06.02.02,Provisões para Reestruturação,0.0
2022-03-31,T1,2.01.06.02.03,Provisões para Passivos Ambientais e de Desativação,0.0
2022-03-31,T1,2.01.07,Passivos sobre Ativos Não-Correntes a Venda e Descontinuados,0.0
2022-03-31,T1,2.01.07.01,Passivos sobre Ativos Não-Correntes a Venda,0.0
2022-03-31,T1,2.01.07.02,Passivos sobre Ativos de Operações Descontinuadas,0.0
2022-03-31,T1,2.02,Passivo Não Circulante,2368216.0
2022-03-31,T1,2.02.01,Empréstimos e Financiamentos,2107347.0
2022-03-31,T1,2.02.01.01,Empréstimos e Financiamentos,2107347.0
2022-03-31,T1,2.02.01.01.01,Em Moeda Nacional,2176.0
2022-03-31,T1,2.02.01.01.02,Em Moeda Estrangeira,2105171.0
2022-03-31,T1,2.02.01.02,Debêntures,0.0
2022-03-31,T1,2.02.01.03,Financiamento por Arrendamento,0.0
2022-03-31,T1,2.02.02,Outras Obrigações,70992.0
2022-03-31,T1,2.02.02.01,Passivos com Partes Relacionadas,0.0
2022-03-31,T1,2.02.02.01.01,Débitos com Coligadas,0.0
2022-03-31,T1,2.02.02.01.03,Débitos com Controladores,0.0
2022-03-31,T1,2.02.02.01.04,Débitos com Outras Partes Relacionadas,0.0
2022-03-31,T1,2.02.02.02,Outros,70992.0
2022-03-31,T1,2.02.02.02.01,Obrigações por Pagamentos Baseados em Ações,0.0
2022-03-31,T1,2.02.02.02.02,Adiantamento para Futuro Aumento de Capital,0.0
2022-03-31,T1,2.02.02.02.03,Financiamentos de Impostos e Encargos Sociais,0.0
2022-03-31,T1,2.02.02.02.04,Outros passivos de Longo Prazo,5484.0
2022-03-31,T1,2.02.02.02.05,Obrigações de Benefícios de Aposentadoria,65508.0
2022-03-31,T1,2.02.02.02.06,Instrumentos Financeiros Derivativos,0.0
2022-03-31,T1,2.02.03,Tributos Diferidos,0.0
2022-03-31,T1,2.02.03.01,Imposto de Renda e Contribuição Social Diferidos,0.0
2022-03-31,T1,2.02.04,Provisões,189877.0
2022-03-31,T1,2.02.04.01,Provisões Fiscais Previdenciárias Trabalhistas e Cíveis,189877.0
2022-03-31,T1,2.02.04.01.01,Provisões Fiscais,76406.0
2022-03-31,T1,2.02.04.01.02,Provisões Previdenciárias e Trabalhistas,67882.0
2022-03-31,T1,2.02.04.01.03,Provisões para Benefícios a Empregados,0.0
2022-03-31,T1,2.02.04.01.04,Provisões Cíveis,45589.0
2022-03-31,T1,2.02.04.02,Outras Provisões,0.0
2022-03-31,T1,2.02.04.02.01,Provisões para Garantias,0.0
2022-03-31,T1,2.02.04.02.02,Provisões para Reestruturação,0.0
2022-03-31,T1,2.02.04.02.03,Provisões para Passivos Ambientais e de Desativação,0.0
2022-03-31,T1,2.02.05,Passivos sobre Ativos Não-Correntes a Venda e Descontinuados,0.0
2022-03-31,T1,2.02.05.01,Passivos sobre Ativos Não-Correntes a Venda,0.0
2022-03-31,T1,2.02.05.02,Passivos sobre Ativos de Operações Descontinuadas,0.0
2022-03-31,T1,2.02.06,Lucros e Receitas a Apropriar,0.0
2022-03-31,T1,2.02.06.01,Lucros a Apropriar,0.0
2022-03-31,T1,2.02.06.02,Receitas a Apropriar,0.0
2022-03-31,T1,2.02.06.03,Subvenções de Investimento a Apropriar,0.0
2022-03-31,T1,2.03,Patrimônio Líquido Consolidado,2665596.0
2022-03-31,T1,2.03.01,Capital Social Realizado,1053760.0
2022-03-31,T1,2.03.02,Reservas de Capital,9871.0
2022-03-31,T1,2.03.02.01,Ágio na Emissão de Ações,0.0
2022-03-31,T1,2.03.02.02,Reserva Especial de Ágio na Incorporação,0.0
2022-03-31,T1,2.03.02.03,Alienação de Bônus de Subscrição,0.0
2022-03-31,T1,2.03.02.04,Opções Outorgadas,9871.0
2022-03-31,T1,2.03.02.05,Ações em Tesouraria,0.0
2022-03-31,T1,2.03.02.06,Adiantamento para Futuro Aumento de Capital,0.0
2022-03-31,T1,2.03.03,Reservas de Reavaliação,0.0
2022-03-31,T1,2.03.04,Reservas de Lucros,792615.0
2022-03-31,T1,2.03.04.01,Reserva Legal,105966.0
2022-03-31,T1,2.03.04.02,Reserva Estatutária,686654.0
2022-03-31,T1,2.03.04.03,Reserva para Contingências,0.0
2022-03-31,T1,2.03.04.04,Reserva de Lucros a Realizar,0.0
2022-03-31,T1,2.03.04.05,Reserva de Retenção de Lucros,0.0
2022-03-31,T1,2.03.04.06,Reserva Especial para Dividendos Não Distribuídos,0.0
2022-03-31,T1,2.03.04.07,Reserva de Incentivos Fiscais,0.0
2022-03-31,T1,2.03.04.08,Dividendo Adicional Proposto,0.0
2022-03-31,T1,2.03.04.09,Ações em Tesouraria,-5.0
2022-03-31,T1,2.03.05,Lucros/Prejuízos Acumulados,75111.0
2022-03-31,T1,2.03.06,Ajustes de Avaliação Patrimonial,734980.0
2022-03-31,T1,2.03.07,Ajustes Acumulados de Conversão,0.0
2022-03-31,T1,2.03.08,Outros Resultados Abrangentes,0.0
2022-03-31,T1,2.03.09,Participação dos Acionistas Não Controladores,-741.0
2022-06-30,T2,2,Passivo Total,7896805.0
2022-06-30,T2,2.01,Passivo Circulante,2415995.0
2022-06-30,T2,2.01.01,Obrigações Sociais e Trabalhistas,325253.0
2022-06-30,T2,2.01.01.01,Obrigações Sociais,55766.0
2022-06-30,T2,2.01.01.02,Obrigações Trabalhistas,269487.0
2022-06-30,T2,2.01.02,Fornecedores,1523747.0
2022-06-30,T2,2.01.02.01,Fornecedores Nacionais,716349.0
2022-06-30,T2,2.01.02.02,Fornecedores Estrangeiros,807398.0
2022-06-30,T2,2.01.03,Obrigações Fiscais,139768.0
2022-06-30,T2,2.01.03.01,Obrigações Fiscais Federais,138692.0
2022-06-30,T2,2.01.03.01.01,Imposto de Renda e Contribuição Social a Pagar,94163.0
2022-06-30,T2,2.01.03.01.02,Demais Tributos Federais a Pagar,44529.0
2022-06-30,T2,2.01.03.02,Obrigações Fiscais Estaduais,915.0
2022-06-30,T2,2.01.03.03,Obrigações Fiscais Municipais,161.0
2022-06-30,T2,2.01.04,Empréstimos e Financiamentos,184673.0
2022-06-30,T2,2.01.04.01,Empréstimos e Financiamentos,184673.0
2022-06-30,T2,2.01.04.01.01,Em Moeda Nacional,5471.0
2022-06-30,T2,2.01.04.01.02,Em Moeda Estrangeira,179202.0
2022-06-30,T2,2.01.04.02,Debêntures,0.0
2022-06-30,T2,2.01.04.03,Financiamento por Arrendamento,0.0
2022-06-30,T2,2.01.05,Outras Obrigações,212198.0
2022-06-30,T2,2.01.05.01,Passivos com Partes Relacionadas,0.0
2022-06-30,T2,2.01.05.01.01,Débitos com Coligadas,0.0
2022-06-30,T2,2.01.05.01.03,Débitos com Controladores,0.0
2022-06-30,T2,2.01.05.01.04,Débitos com Outras Partes Relacionadas,0.0
2022-06-30,T2,2.01.05.02,Outros,212198.0
2022-06-30,T2,2.01.05.02.01,Dividendos e JCP a Pagar,0.0
2022-06-30,T2,2.01.05.02.02,Dividendo Mínimo Obrigatório a Pagar,152.0
2022-06-30,T2,2.01.05.02.03,Obrigações por Pagamentos Baseados em Ações,0.0
2022-06-30,T2,2.01.05.02.04,Financiamentos de Impostos e Encargos Sociais,0.0
2022-06-30,T2,2.01.05.02.05,Adiantamentos de Clientes,106310.0
2022-06-30,T2,2.01.05.02.06,Títulos a Pagar e Outros,102055.0
2022-06-30,T2,2.01.05.02.07,Instrumentos Financeiros Derivativos,3681.0
2022-06-30,T2,2.01.06,Provisões,30356.0
2022-06-30,T2,2.01.06.01,Provisões Fiscais Previdenciárias Trabalhistas e Cíveis,30356.0
2022-06-30,T2,2.01.06.01.01,Provisões Fiscais,0.0
2022-06-30,T2,2.01.06.01.02,Provisões Previdenciárias e Trabalhistas,30356.0
2022-06-30,T2,2.01.06.01.03,Provisões para Benefícios a Empregados,0.0
2022-06-30,T2,2.01.06.01.04,Provisões Cíveis,0.0
2022-06-30,T2,2.01.06.02,Outras Provisões,0.0
2022-06-30,T2,2.01.06.02.01,Provisões para Garantias,0.0
2022-06-30,T2,2.01.06.02.02,Provisões para Reestruturação,0.0
2022-06-30,T2,2.01.06.02.03,Provisões para Passivos Ambientais e de Desativação,0.0
2022-06-30,T2,2.01.07,Passivos sobre Ativos Não-Correntes a Venda e Descontinuados,0.0
2022-06-30,T2,2.01.07.01,Passivos sobre Ativos Não-Correntes a Venda,0.0
2022-06-30,T2,2.01.07.02,Passivos sobre Ativos de Operações Descontinuadas,0.0
2022-06-30,T2,2.02,Passivo Não Circulante,2561448.0
2022-06-30,T2,2.02.01,Empréstimos e Financiamentos,2292076.0
2022-06-30,T2,2.02.01.01,Empréstimos e Financiamentos,2292076.0
2022-06-30,T2,2.02.01.01.01,Em Moeda Nacional,1563.0
2022-06-30,T2,2.02.01.01.02,Em Moeda Estrangeira,2290513.0
2022-06-30,T2,2.02.01.02,Debêntures,0.0
2022-06-30,T2,2.02.01.03,Financiamento por Arrendamento,0.0
2022-06-30,T2,2.02.02,Outras Obrigações,79718.0
2022-06-30,T2,2.02.02.01,Passivos com Partes Relacionadas,0.0
2022-06-30,T2,2.02.02.01.01,Débitos com Coligadas,0.0
2022-06-30,T2,2.02.02.01.03,Débitos com Controladores,0.0
2022-06-30,T2,2.02.02.01.04,Débitos com Outras Partes Relacionadas,0.0
2022-06-30,T2,2.02.02.02,Outros,79718.0
2022-06-30,T2,2.02.02.02.01,Obrigações por Pagamentos Baseados em Ações,0.0
2022-06-30,T2,2.02.02.02.02,Adiantamento para Futuro Aumento de Capital,0.0
2022-06-30,T2,2.02.02.02.03,Financiamentos de Impostos e Encargos Sociais,0.0
2022-06-30,T2,2.02.02.02.04,Outros passivos de Longo Prazo,4643.0
2022-06-30,T2,2.02.02.02.05,Obrigações de Benefícios de Aposentadoria,75075.0
2022-06-30,T2,2.02.02.02.06,Instrumentos Financeiros Derivativos,0.0
2022-06-30,T2,2.02.03,Tributos Diferidos,0.0
2022-06-30,T2,2.02.03.01,Imposto de Renda e Contribuição Social Diferidos,0.0
2022-06-30,T2,2.02.04,Provisões,189654.0
2022-06-30,T2,2.02.04.01,Provisões Fiscais Previdenciárias Trabalhistas e Cíveis,189654.0
2022-06-30,T2,2.02.04.01.01,Provisões Fiscais,77242.0
2022-06-30,T2,2.02.04.01.02,Provisões Previdenciárias e Trabalhistas,71177.0
2022-06-30,T2,2.02.04.01.03,Provisões para Benefícios a Empregados,0.0
2022-06-30,T2,2.02.04.01.04,Provisões Cíveis,41235.0
2022-06-30,T2,2.02.04.02,Outras Provisões,0.0
2022-06-30,T2,2.02.04.02.01,Provisões para Garantias,0.0
2022-06-30,T2,2.02.04.02.02,Provisões para Reestruturação,0.0
2022-06-30,T2,2.02.04.02.03,Provisões para Passivos Ambientais e de Desativação,0.0
2022-06-30,T2,2.02.05,Passivos sobre Ativos Não-Correntes a Venda e Descontinuados,0.0
2022-06-30,T2,2.02.05.01,Passivos sobre Ativos Não-Correntes a Venda,0.0
2022-06-30,T2,2.02.05.02,Passivos sobre Ativos de Operações Descontinuadas,0.0
2022-06-30,T2,2.02.06,Lucros e Receitas a Apropriar,0.0
2022-06-30,T2,2.02.06.01,Lucros a Apropriar,0.0
2022-06-30,T2,2.02.06.02,Receitas a Apropriar,0.0
2022-06-30,T2,2.02.06.03,Subvenções de Investimento a Apropriar,0.0
2022-06-30,T2,2.03,Patrimônio Líquido Consolidado,2919362.0
2022-06-30,T2,2.03.01,Capital Social Realizado,1053760.0
2022-06-30,T2,2.03.02,Reservas de Capital,7353.0
2022-06-30,T2,2.03.02.01,Ágio na Emissão de Ações,0.0
2022-06-30,T2,2.03.02.02,Reserva Especial de Ágio na Incorporação,0.0
2022-06-30,T2,2.03.02.03,Alienação de Bônus de Subscrição,0.0
2022-06-30,T2,2.03.02.04,Opções Outorgadas,7353.0
2022-06-30,T2,2.03.02.05,Ações em Tesouraria,0.0
2022-06-30,T2,2.03.02.06,Adiantamento para Futuro Aumento de Capital,0.0
2022-06-30,T2,2.03.03,Reservas de Reavaliação,0.0
2022-06-30,T2,2.03.04,Reservas de Lucros,791515.0
2022-06-30,T2,2.03.04.01,Reserva Legal,105966.0
2022-06-30,T2,2.03.04.02,Reserva Estatutária,686654.0
2022-06-30,T2,2.03.04.03,Reserva para Contingências,0.0
2022-06-30,T2,2.03.04.04,Reserva de Lucros a Realizar,0.0
2022-06-30,T2,2.03.04.05,Reserva de Retenção de Lucros,0.0
2022-06-30,T2,2.03.04.06,Reserva Especial para Dividendos Não Distribuídos,0.0
2022-06-30,T2,2.03.04.07,Reserva de Incentivos Fiscais,0.0
2022-06-30,T2,2.03.04.08,Dividendo Adicional Proposto,0.0
2022-06-30,T2,2.03.04.09,Ações em Tesouraria,-1105.0
2022-06-30,T2,2.03.05,Lucros/Prejuízos Acumulados,258859.0
2022-06-30,T2,2.03.06,Ajustes de Avaliação Patrimonial,810952.0
2022-06-30,T2,2.03.07,Ajustes Acumulados de Conversão,0.0
2022-06-30,T2,2.03.08,Outros Resultados Abrangentes,0.0
2022-06-30,T2,2.03.09,Participação dos Acionistas Não Controladores,-3077.0
2022-09-30,T3,2,Passivo Total,8968223.0
2022-09-30,T3,2.01,Passivo Circulante,2285441.0
2022-09-30,T3,2.01.01,Obrigações Sociais e Trabalhistas,370879.0
2022-09-30,T3,2.01.01.01,Obrigações Sociais,50087.0
2022-09-30,T3,2.01.01.02,Obrigações Trabalhistas,320792.0
2022-09-30,T3,2.01.02,Fornecedores,1266979.0
2022-09-30,T3,2.01.02.01,Fornecedores Nacionais,645211.0
2022-09-30,T3,2.01.02.02,Fornecedores Estrangeiros,621768.0
2022-09-30,T3,2.01.03,Obrigações Fiscais,183968.0
2022-09-30,T3,2.01.03.01,Obrigações Fiscais Federais,181119.0
2022-09-30,T3,2.01.03.01.01,Imposto de Renda e Contribuição Social a Pagar,124881.0
2022-09-30,T3,2.01.03.01.02,Demais Tributos Federais a Pagar,56238.0
2022-09-30,T3,2.01.03.02,Obrigações Fiscais Estaduais,2625.0
2022-09-30,T3,2.01.03.03,Obrigações Fiscais Municipais,224.0
2022-09-30,T3,2.01.04,Empréstimos e Financiamentos,209723.0
2022-09-30,T3,2.01.04.01,Empréstimos e Financiamentos,200040.0
2022-09-30,T3,2.01.04.01.01,Em Moeda Nacional,4762.0
2022-09-30,T3,2.01.04.01.02,Em Moeda Estrangeira,195278.0
2022-09-30,T3,2.01.04.02,Debêntures,9683.0
2022-09-30,T3,2.01.04.03,Financiamento por Arrendamento,0.0
2022-09-30,T3,2.01.05,Outras Obrigações,224180.0
2022-09-30,T3,2.01.05.01,Passivos com Partes Relacionadas,0.0
2022-09-30,T3,2.01.05.01.01,Débitos com Coligadas,0.0
2022-09-30,T3,2.01.05.01.03,Débitos com Controladores,0.0
2022-09-30,T3,2.01.05.01.04,Débitos com Outras Partes Relacionadas,0.0
2022-09-30,T3,2.01.05.02,Outros,224180.0
2022-09-30,T3,2.01.05.02.01,Dividendos e JCP a Pagar,0.0
2022-09-30,T3,2.01.05.02.02,Dividendo Mínimo Obrigatório a Pagar,32565.0
2022-09-30,T3,2.01.05.02.03,Obrigações por Pagamentos Baseados em Ações,0.0
2022-09-30,T3,2.01.05.02.04,Financiamentos de Impostos e Encargos Sociais,0.0
2022-09-30,T3,2.01.05.02.05,Adiantamentos de Clientes,98603.0
2022-09-30,T3,2.01.05.02.06,Títulos a Pagar e Outros,89727.0
2022-09-30,T3,2.01.05.02.07,Instrumentos Financeiros Derivativos,3285.0
2022-09-30,T3,2.01.06,Provisões,29712.0
2022-09-30,T3,2.01.06.01,Provisões Fiscais Previdenciárias Trabalhistas e Cíveis,29712.0
2022-09-30,T3,2.01.06.01.01,Provisões Fiscais,0.0
2022-09-30,T3,2.01.06.01.02,Provisões Previdenciárias e Trabalhistas,29712.0
2022-09-30,T3,2.01.06.01.03,Provisões para Benefícios a Empregados,0.0
2022-09-30,T3,2.01.06.01.04,Provisões Cíveis,0.0
2022-09-30,T3,2.01.06.02,Outras Provisões,0.0
2022-09-30,T3,2.01.06.02.01,Provisões para Garantias,0.0
2022-09-30,T3,2.01.06.02.02,Provisões para Reestruturação,0.0
2022-09-30,T3,2.01.06.02.03,Provisões para Passivos Ambientais e de Desativação,0.0
2022-09-30,T3,2.01.07,Passivos sobre Ativos Não-Correntes a Venda e Descontinuados,0.0
2022-09-30,T3,2.01.07.01,Passivos sobre Ativos Não-Correntes a Venda,0.0
2022-09-30,T3,2.01.07.02,Passivos sobre Ativos de Operações Descontinuadas,0.0
2022-09-30,T3,2.02,Passivo Não Circulante,3580503.0
2022-09-30,T3,2.02.01,Empréstimos e Financiamentos,3304338.0
2022-09-30,T3,2.02.01.01,Empréstimos e Financiamentos,2310853.0
2022-09-30,T3,2.02.01.01.01,Em Moeda Nacional,38294.0
2022-09-30,T3,2.02.01.01.02,Em Moeda Estrangeira,2272559.0
2022-09-30,T3,2.02.01.02,Debêntures,993485.0
2022-09-30,T3,2.02.01.03,Financiamento por Arrendamento,0.0
2022-09-30,T3,2.02.02,Outras Obrigações,84007.0
2022-09-30,T3,2.02.02.01,Passivos com Partes Relacionadas,0.0
2022-09-30,T3,2.02.02.01.01,Débitos com Coligadas,0.0
2022-09-30,T3,2.02.02.01.03,Débitos com Controladores,0.0
2022-09-30,T3,2.02.02.01.04,Débitos com Outras Partes Relacionadas,0.0
2022-09-30,T3,2.02.02.02,Outros,84007.0
2022-09-30,T3,2.02.02.02.01,Obrigações por Pagamentos Baseados em Ações,0.0
2022-09-30,T3,2.02.02.02.02,Adiantamento para Futuro Aumento de Capital,0.0
2022-09-30,T3,2.02.02.02.03,Financiamentos de Impostos e Encargos Sociais,0.0
2022-09-30,T3,2.02.02.02.04,Outros passivos de Longo Prazo,3880.0
2022-09-30,T3,2.02.02.02.05,Obrigações de Benefícios de Aposentadoria,80127.0
2022-09-30,T3,2.02.02.02.06,Instrumentos Financeiros Derivativos,0.0
2022-09-30,T3,2.02.03,Tributos Diferidos,0.0
2022-09-30,T3,2.02.03.01,Imposto de Renda e Contribuição Social Diferidos,0.0
2022-09-30,T3,2.02.04,Provisões,192158.0
2022-09-30,T3,2.02.04.01,Provisões Fiscais Previdenciárias Trabalhistas e Cíveis,192158.0
2022-09-30,T3,2.02.04.01.01,Provisões Fiscais,78266.0
2022-09-30,T3,2.02.04.01.02,Provisões Previdenciárias e Trabalhistas,72367.0
2022-09-30,T3,2.02.04.01.03,Provisões para Benefícios a Empregados,0.0
2022-09-30,T3,2.02.04.01.04,Provisões Cíveis,41525.0
2022-09-30,T3,2.02.04.02,Outras Provisões,0.0
2022-09-30,T3,2.02.04.02.01,Provisões para Garantias,0.0
2022-09-30,T3,2.02.04.02.02,Provisões para Reestruturação,0.0
2022-09-30,T3,2.02.04.02.03,Provisões para Passivos Ambientais e de Desativação,0.0
2022-09-30,T3,2.02.05,Passivos sobre Ativos Não-Correntes a Venda e Descontinuados,0.0
2022-09-30,T3,2.02.05.01,Passivos sobre Ativos Não-Correntes a Venda,0.0
2022-09-30,T3,2.02.05.02,Passivos sobre Ativos de Operações Descontinuadas,0.0
2022-09-30,T3,2.02.06,Lucros e Receitas a Apropriar,0.0
2022-09-30,T3,2.02.06.01,Lucros a Apropriar,0.0
2022-09-30,T3,2.02.06.02,Receitas a Apropriar,0.0
2022-09-30,T3,2.02.06.03,Subvenções de Investimento a Apropriar,0.0
2022-09-30,T3,2.03,Patrimônio Líquido Consolidado,3102279.0
2022-09-30,T3,2.03.01,Capital Social Realizado,1053760.0
2022-09-30,T3,2.03.02,Reservas de Capital,8245.0
2022-09-30,T3,2.03.02.01,Ágio na Emissão de Ações,0.0
2022-09-30,T3,2.03.02.02,Reserva Especial de Ágio na Incorporação,0.0
2022-09-30,T3,2.03.02.03,Alienação de Bônus de Subscrição,0.0
2022-09-30,T3,2.03.02.04,Opções Outorgadas,8245.0
2022-09-30,T3,2.03.02.05,Ações em Tesouraria,0.0
2022-09-30,T3,2.03.02.06,Adiantamento para Futuro Aumento de Capital,0.0
2022-09-30,T3,2.03.03,Reservas de Reavaliação,0.0
2022-09-30,T3,2.03.04,Reservas de Lucros,759087.0
2022-09-30,T3,2.03.04.01,Reserva Legal,105966.0
2022-09-30,T3,2.03.04.02,Reserva Estatutária,654241.0
2022-09-30,T3,2.03.04.03,Reserva para Contingências,0.0
2022-09-30,T3,2.03.04.04,Reserva de Lucros a Realizar,0.0
2022-09-30,T3,2.03.04.05,Reserva de Retenção de Lucros,0.0
2022-09-30,T3,2.03.04.06,Reserva Especial para Dividendos Não Distribuídos,0.0
2022-09-30,T3,2.03.04.07,Reserva de Incentivos Fiscais,0.0
2022-09-30,T3,2.03.04.08,Dividendo Adicional Proposto,0.0
2022-09-30,T3,2.03.04.09,Ações em Tesouraria,-1120.0
2022-09-30,T3,2.03.05,Lucros/Prejuízos Acumulados,457902.0
2022-09-30,T3,2.03.06,Ajustes de Avaliação Patrimonial,828300.0
2022-09-30,T3,2.03.07,Ajustes Acumulados de Conversão,0.0
2022-09-30,T3,2.03.08,Outros Resultados Abrangentes,0.0
2022-09-30,T3,2.03.09,Participação dos Acionistas Não Controladores,-5015.0
2023-03-31,T1,2,Passivo Total,10027437.0
2023-03-31,T1,2.01,Passivo Circulante,3076148.0
2023-03-31,T1,2.01.01,Obrigações Sociais e Trabalhistas,388973.0
2023-03-31,T1,2.01.01.01,Obrigações Sociais,59982.0
2023-03-31,T1,2.01.01.02,Obrigações Trabalhistas,328991.0
2023-03-31,T1,2.01.02,Fornecedores,1508278.0
2023-03-31,T1,2.01.02.01,Fornecedores Nacionais,844974.0
2023-03-31,T1,2.01.02.02,Fornecedores Estrangeiros,663304.0
2023-03-31,T1,2.01.03,Obrigações Fiscais,170054.0
2023-03-31,T1,2.01.03.01,Obrigações Fiscais Federais,167229.0
2023-03-31,T1,2.01.03.01.01,Imposto de Renda e Contribuição Social a Pagar,145450.0
2023-03-31,T1,2.01.03.01.02,Demais Tributos Federais a Pagar,21779.0
2023-03-31,T1,2.01.03.02,Obrigações Fiscais Estaduais,2584.0
2023-03-31,T1,2.01.03.03,Obrigações Fiscais Municipais,241.0
2023-03-31,T1,2.01.04,Empréstimos e Financiamentos,138681.0
2023-03-31,T1,2.01.04.01,Empréstimos e Financiamentos,127853.0
2023-03-31,T1,2.01.04.01.01,Em Moeda Nacional,106063.0
2023-03-31,T1,2.01.04.01.02,Em Moeda Estrangeira,21790.0
2023-03-31,T1,2.01.04.02,Debêntures,10828.0
2023-03-31,T1,2.01.04.03,Financiamento por Arrendamento,0.0
2023-03-31,T1,2.01.05,Outras Obrigações,849425.0
2023-03-31,T1,2.01.05.01,Passivos com Partes Relacionadas,0.0
2023-03-31,T1,2.01.05.01.01,Débitos com Coligadas,0.0
2023-03-31,T1,2.01.05.01.03,Débitos com Controladores,0.0
2023-03-31,T1,2.01.05.01.04,Débitos com Outras Partes Relacionadas,0.0
2023-03-31,T1,2.01.05.02,Outros,849425.0
2023-03-31,T1,2.01.05.02.01,Dividendos e JCP a Pagar,0.0
2023-03-31,T1,2.01.05.02.02,Dividendo Mínimo Obrigatório a Pagar,136988.0
2023-03-31,T1,2.01.05.02.03,Obrigações por Pagamentos Baseados em Ações,0.0
2023-03-31,T1,2.01.05.02.04,Financiamentos de Impostos e Encargos Sociais,0.0
2023-03-31,T1,2.01.05.02.05,Adiantamentos de Clientes,252249.0
2023-03-31,T1,2.01.05.02.06,Títulos a Pagar e Outros,154462.0
2023-03-31,T1,2.01.05.02.07,Instrumentos Financeiros Derivativos,987.0
2023-03-31,T1,2.01.05.02.08,Obrigações de Combinação de Negócios,304739.0
2023-03-31,T1,2.01.06,Provisões,20737.0
2023-03-31,T1,2.01.06.01,Provisões Fiscais Previdenciárias Trabalhistas e Cíveis,20737.0
2023-03-31,T1,2.01.06.01.01,Provisões Fiscais,0.0
2023-03-31,T1,2.01.06.01.02,Provisões Previdenciárias e Trabalhistas,20737.0
2023-03-31,T1,2.01.06.01.03,Provisões para Benefícios a Empregados,0.0
2023-03-31,T1,2.01.06.01.04,Provisões Cíveis,0.0
2023-03-31,T1,2.01.06.02,Outras Provisões,0.0
2023-03-31,T1,2.01.06.02.01,Provisões para Garantias,0.0
2023-03-31,T1,2.01.06.02.02,Provisões para Reestruturação,0.0
2023-03-31,T1,2.01.06.02.03,Provisões para Passivos Ambientais e de Desativação,0.0
2023-03-31,T1,2.01.07,Passivos sobre Ativos Não-Correntes a Venda e Descontinuados,0.0
2023-03-31,T1,2.01.07.01,Passivos sobre Ativos Não-Correntes a Venda,0.0
2023-03-31,T1,2.01.07.02,Passivos sobre Ativos de Operações Descontinuadas,0.0
2023-03-31,T1,2.02,Passivo Não Circulante,3844180.0
2023-03-31,T1,2.02.01,Empréstimos e Financiamentos,3274608.0
2023-03-31,T1,2.02.01.01,Empréstimos e Financiamentos,2281301.0
2023-03-31,T1,2.02.01.01.01,Em Moeda Nacional,372151.0
2023-03-31,T1,2.02.01.01.02,Em Moeda Estrangeira,1909150.0
2023-03-31,T1,2.02.01.02,Debêntures,993307.0
2023-03-31,T1,2.02.01.03,Financiamento por Arrendamento,0.0
2023-03-31,T1,2.02.02,Outras Obrigações,208948.0
2023-03-31,T1,2.02.02.01,Passivos com Partes Relacionadas,0.0
2023-03-31,T1,2.02.02.01.01,Débitos com Coligadas,0.0
2023-03-31,T1,2.02.02.01.03,Débitos com Controladores,0.0
2023-03-31,T1,2.02.02.01.04,Débitos com Outras Partes Relacionadas,0.0
2023-03-31,T1,2.02.02.02,Outros,208948.0
2023-03-31,T1,2.02.02.02.01,Obrigações por Pagamentos Baseados em Ações,0.0
2023-03-31,T1,2.02.02.02.02,Adiantamento para Futuro Aumento de Capital,0.0
2023-03-31,T1,2.02.02.02.03,Financiamentos de Impostos e Encargos Sociais,0.0
2023-03-31,T1,2.02.02.02.04,Outros passivos de Longo Prazo,3528.0
2023-03-31,T1,2.02.02.02.05,Obrigações de Benefícios de Aposentadoria,97652.0
2023-03-31,T1,2.02.02.02.06,Instrumentos Financeiros Derivativos,0.0
2023-03-31,T1,2.02.02.02.07,Obrigações de Combinação de Negócios,107768.0
2023-03-31,T1,2.02.03,Tributos Diferidos,0.0
2023-03-31,T1,2.02.03.01,Imposto de Renda e Contribuição Social Diferidos,0.0
2023-03-31,T1,2.02.04,Provisões,360624.0
2023-03-31,T1,2.02.04.01,Provisões Fiscais Previdenciárias Trabalhistas e Cíveis,360624.0
2023-03-31,T1,2.02.04.01.01,Provisões Fiscais,188841.0
2023-03-31,T1,2.02.04.01.02,Provisões Previdenciárias e Trabalhistas,83744.0
2023-03-31,T1,2.02.04.01.03,Provisões para Benefícios a Empregados,0.0
2023-03-31,T1,2.02.04.01.04,Provisões Cíveis,88039.0
2023-03-31,T1,2.02.04.02,Outras Provisões,0.0
2023-03-31,T1,2.02.04.02.01,Provisões para Garantias,0.0
2023-03-31,T1,2.02.04.02.02,Provisões para Reestruturação,0.0
2023-03-31,T1,2.02.04.02.03,Provisões para Passivos Ambientais e de Desativação,0.0
2023-03-31,T1,2.02.05,Passivos sobre Ativos Não-Correntes a Venda e Descontinuados,0.0
2023-03-31,T1,2.02.05.01,Passivos sobre Ativos Não-Correntes a Venda,0.0
2023-03-31,T1,2.02.05.02,Passivos sobre Ativos de Operações Descontinuadas,0.0
2023-03-31,T1,2.02.06,Lucros e Receitas a Apropriar,0.0
2023-03-31,T1,2.02.06.01,Lucros a Apropriar,0.0
2023-03-31,T1,2.02.06.02,Receitas a Apropriar,0.0
2023-03-31,T1,2.02.06.03,Subvenções de Investimento a Apropriar,0.0
2023-03-31,T1,2.03,Patrimônio Líquido Consolidado,3107109.0
2023-03-31,T1,2.03.01,Capital Social Realizado,1053760.0
2023-03-31,T1,2.03.02,Reservas de Capital,11103.0
2023-03-31,T1,2.03.02.01,Ágio na Emissão de Ações,0.0
2023-03-31,T1,2.03.02.02,Reserva Especial de Ágio na Incorporação,0.0
2023-03-31,T1,2.03.02.03,Alienação de Bônus de Subscrição,0.0
2023-03-31,T1,2.03.02.04,Opções Outorgadas,11103.0
2023-03-31,T1,2.03.02.05,Ações em Tesouraria,0.0
2023-03-31,T1,2.03.02.06,Adiantamento para Futuro Aumento de Capital,0.0
2023-03-31,T1,2.03.03,Reservas de Reavaliação,0.0
2023-03-31,T1,2.03.04,Reservas de Lucros,1132398.0
2023-03-31,T1,2.03.04.01,Reserva Legal,131380.0
2023-03-31,T1,2.03.04.02,Reserva Estatutária,1004858.0
2023-03-31,T1,2.03.04.03,Reserva para Contingências,0.0
2023-03-31,T1,2.03.04.04,Reserva de Lucros a Realizar,0.0
2023-03-31,T1,2.03.04.05,Reserva de Retenção de Lucros,0.0
2023-03-31,T1,2.03.04.06,Reserva Especial para Dividendos Não Distribuídos,0.0
2023-03-31,T1,2.03.04.07,Reserva de Incentivos Fiscais,0.0
2023-03-31,T1,2.03.04.08,Dividendo Adicional Proposto,0.0
2023-03-31,T1,2.03.04.09,Ações em Tesouraria,-3840.0
2023-03-31,T1,2.03.05,Lucros/Prejuízos Acumulados,143100.0
2023-03-31,T1,2.03.06,Ajustes de Avaliação Patrimonial,769172.0
2023-03-31,T1,2.03.07,Ajustes Acumulados de Conversão,0.0
2023-03-31,T1,2.03.08,Outros Resultados Abrangentes,0.0
2023-03-31,T1,2.03.09,Participação dos Acionistas Não Controladores,-2424.0
2023-06-30,T2,2,Passivo Total,9812249.0
2023-06-30,T2,2.01,Passivo Circulante,2920097.0
2023-06-30,T2,2.01.01,Obrigações Sociais e Trabalhistas,381608.0
2023-06-30,T2,2.01.01.01,Obrigações Sociais,73898.0
2023-06-30,T2,2.01.01.02,Obrigações Trabalhistas,307710.0
2023-06-30,T2,2.01.02,Fornecedores,1318083.0
2023-06-30,T2,2.01.02.01,Fornecedores Nacionais,807351.0
2023-06-30,T2,2.01.02.02,Fornecedores Estrangeiros,510732.0
2023-06-30,T2,2.01.03,Obrigações Fiscais,114855.0
2023-06-30,T2,2.01.03.01,Obrigações Fiscais Federais,110973.0
2023-06-30,T2,2.01.03.01.01,Imposto de Renda e Contribuição Social a Pagar,69846.0
2023-06-30,T2,2.01.03.01.02,Demais Tributos Federais a Pagar,41127.0
2023-06-30,T2,2.01.03.02,Obrigações Fiscais Estaduais,3539.0
2023-06-30,T2,2.01.03.03,Obrigações Fiscais Municipais,343.0
2023-06-30,T2,2.01.04,Empréstimos e Financiamentos,206312.0
2023-06-30,T2,2.01.04.01,Empréstimos e Financiamentos,159921.0
2023-06-30,T2,2.01.04.01.01,Em Moeda Nacional,118921.0
2023-06-30,T2,2.01.04.01.02,Em Moeda Estrangeira,41000.0
2023-06-30,T2,2.01.04.02,Debêntures,46391.0
2023-06-30,T2,2.01.04.03,Financiamento por Arrendamento,0.0
2023-06-30,T2,2.01.05,Outras Obrigações,880351.0
2023-06-30,T2,2.01.05.01,Passivos com Partes Relacionadas,0.0
2023-06-30,T2,2.01.05.01.01,Débitos com Coligadas,0.0
2023-06-30,T2,2.01.05.01.03,Débitos com Controladores,0.0
2023-06-30,T2,2.01.05.01.04,Débitos com Outras Partes Relacionadas,0.0
2023-06-30,T2,2.01.05.02,Outros,880351.0
2023-06-30,T2,2.01.05.02.01,Dividendos e JCP a Pagar,0.0
2023-06-30,T2,2.01.05.02.02,Dividendo Mínimo Obrigatório a Pagar,103624.0
2023-06-30,T2,2.01.05.02.03,Obrigações por Pagamentos Baseados em Ações,0.0
2023-06-30,T2,2.01.05.02.04,Financiamentos de Impostos e Encargos Sociais,0.0
2023-06-30,T2,2.01.05.02.05,Adiantamentos de Clientes,280890.0
2023-06-30,T2,2.01.05.02.06,Títulos a Pagar e Outros,181332.0
2023-06-30,T2,2.01.05.02.07,Instrumentos Financeiros Derivativos,1983.0
2023-06-30,T2,2.01.05.02.08,Obrigações de Combinação de Negócios,312522.0
2023-06-30,T2,2.01.06,Provisões,18888.0
2023-06-30,T2,2.01.06.01,Provisões Fiscais Previdenciárias Trabalhistas e Cíveis,18888.0
2023-06-30,T2,2.01.06.01.01,Provisões Fiscais,0.0
2023-06-30,T2,2.01.06.01.02,Provisões Previdenciárias e Trabalhistas,18888.0
2023-06-30,T2,2.01.06.01.03,Provisões para Benefícios a Empregados,0.0
2023-06-30,T2,2.01.06.01.04,Provisões Cíveis,0.0
2023-06-30,T2,2.01.06.02,Outras Provisões,0.0
2023-06-30,T2,2.01.06.02.01,Provisões para Garantias,0.0
2023-06-30,T2,2.01.06.02.02,Provisões para Reestruturação,0.0
2023-06-30,T2,2.01.06.02.03,Provisões para Passivos Ambientais e de Desativação,0.0
2023-06-30,T2,2.01.07,Passivos sobre Ativos Não-Correntes a Venda e Descontinuados,0.0
2023-06-30,T2,2.01.07.01,Passivos sobre Ativos Não-Correntes a Venda,0.0
2023-06-30,T2,2.01.07.02,Passivos sobre Ativos de Operações Descontinuadas,0.0
2023-06-30,T2,2.02,Passivo Não Circulante,3783418.0
2023-06-30,T2,2.02.01,Empréstimos e Financiamentos,3173618.0
2023-06-30,T2,2.02.01.01,Empréstimos e Financiamentos,2179939.0
2023-06-30,T2,2.02.01.01.01,Em Moeda Nacional,371474.0
2023-06-30,T2,2.02.01.01.02,Em Moeda Estrangeira,1808465.0
2023-06-30,T2,2.02.01.02,Debêntures,993679.0
2023-06-30,T2,2.02.01.03,Financiamento por Arrendamento,0.0
2023-06-30,T2,2.02.02,Outras Obrigações,211650.0
2023-06-30,T2,2.02.02.01,Passivos com Partes Relacionadas,0.0
2023-06-30,T2,2.02.02.01.01,Débitos com Coligadas,0.0
2023-06-30,T2,2.02.02.01.03,Débitos com Controladores,0.0
2023-06-30,T2,2.02.02.01.04,Débitos com Outras Partes Relacionadas,0.0
2023-06-30,T2,2.02.02.02,Outros,211650.0
2023-06-30,T2,2.02.02.02.01,Obrigações por Pagamentos Baseados em Ações,0.0
2023-06-30,T2,2.02.02.02.02,Adiantamento para Futuro Aumento de Capital,0.0
2023-06-30,T2,2.02.02.02.03,Financiamentos de Impostos e Encargos Sociais,0.0
2023-06-30,T2,2.02.02.02.04,Outros passivos de Longo Prazo,3475.0
2023-06-30,T2,2.02.02.02.05,Obrigações de Benefícios de Aposentadoria,100407.0
2023-06-30,T2,2.02.02.02.06,Instrumentos Financeiros Derivativos,0.0
2023-06-30,T2,2.02.02.02.07,Obrigações de Combinação de Negócios,107768.0
2023-06-30,T2,2.02.03,Tributos Diferidos,0.0
2023-06-30,T2,2.02.03.01,Imposto de Renda e Contribuição Social Diferidos,0.0
2023-06-30,T2,2.02.04,Provisões,398150.0
2023-06-30,T2,2.02.04.01,Provisões Fiscais Previdenciárias Trabalhistas e Cíveis,398150.0
2023-06-30,T2,2.02.04.01.01,Provisões Fiscais,237656.0
2023-06-30,T2,2.02.04.01.02,Provisões Previdenciárias e Trabalhistas,75346.0
2023-06-30,T2,2.02.04.01.03,Provisões para Benefícios a Empregados,0.0
2023-06-30,T2,2.02.04.01.04,Provisões Cíveis,85148.0
2023-06-30,T2,2.02.04.02,Outras Provisões,0.0
2023-06-30,T2,2.02.04.02.01,Provisões para Garantias,0.0
2023-06-30,T2,2.02.04.02.02,Provisões para Reestruturação,0.0
2023-06-30,T2,2.02.04.02.03,Provisões para Passivos Ambientais e de Desativação,0.0
2023-06-30,T2,2.02.05,Passivos sobre Ativos Não-Correntes a Venda e Descontinuados,0.0
2023-06-30,T2,2.02.05.01,Passivos sobre Ativos Não-Correntes a Venda,0.0
2023-06-30,T2,2.02.05.02,Passivos sobre Ativos de Operações Descontinuadas,0.0
2023-06-30,T2,2.02.06,Lucros e Receitas a Apropriar,0.0
2023-06-30,T2,2.02.06.01,Lucros a Apropriar,0.0
2023-06-30,T2,2.02.06.02,Receitas a Apropriar,0.0
2023-06-30,T2,2.02.06.03,Subvenções de Investimento a Apropriar,0.0
2023-06-30,T2,2.03,Patrimônio Líquido Consolidado,3108734.0
2023-06-30,T2,2.03.01,Capital Social Realizado,1171062.0
2023-06-30,T2,2.03.02,Reservas de Capital,6596.0
2023-06-30,T2,2.03.02.01,Ágio na Emissão de Ações,0.0
2023-06-30,T2,2.03.02.02,Reserva Especial de Ágio na Incorporação,0.0
2023-06-30,T2,2.03.02.03,Alienação de Bônus de Subscrição,0.0
2023-06-30,T2,2.03.02.04,Opções Outorgadas,6596.0
2023-06-30,T2,2.03.02.05,Ações em Tesouraria,0.0
2023-06-30,T2,2.03.02.06,Adiantamento para Futuro Aumento de Capital,0.0
2023-06-30,T2,2.03.03,Reservas de Reavaliação,0.0
2023-06-30,T2,2.03.04,Reservas de Lucros,1017960.0
2023-06-30,T2,2.03.04.01,Reserva Legal,131380.0
2023-06-30,T2,2.03.04.02,Reserva Estatutária,887556.0
2023-06-30,T2,2.03.04.03,Reserva para Contingências,0.0
2023-06-30,T2,2.03.04.04,Reserva de Lucros a Realizar,0.0
2023-06-30,T2,2.03.04.05,Reserva de Retenção de Lucros,0.0
2023-06-30,T2,2.03.04.06,Reserva Especial para Dividendos Não Distribuídos,0.0
2023-06-30,T2,2.03.04.07,Reserva de Incentivos Fiscais,0.0
2023-06-30,T2,2.03.04.08,Dividendo Adicional Proposto,0.0
2023-06-30,T2,2.03.04.09,Ações em Tesouraria,-976.0
2023-06-30,T2,2.03.05,Lucros/Prejuízos Acumulados,203896.0
2023-06-30,T2,2.03.06,Ajustes de Avaliação Patrimonial,709525.0
2023-06-30,T2,2.03.07,Ajustes Acumulados de Conversão,0.0
2023-06-30,T2,2.03.08,Outros Resultados Abrangentes,0.0
2023-06-30,T2,2.03.09,Participação dos Acionistas Não Controladores,-305.0
2023-09-30,T3,2,Passivo Total,9988929.0
2023-09-30,T3,2.01,Passivo Circulante,2917335.0
2023-09-30,T3,2.01.01,Obrigações Sociais e Trabalhistas,424276.0
2023-09-30,T3,2.01.01.01,Obrigações Sociais,75755.0
2023-09-30,T3,2.01.01.02,Obrigações Trabalhistas,348521.0
2023-09-30,T3,2.01.02,Fornecedores,1397277.0
2023-09-30,T3,2.01.02.01,Fornecedores Nacionais,921464.0
2023-09-30,T3,2.01.02.02,Fornecedores Estrangeiros,475813.0
2023-09-30,T3,2.01.03,Obrigações Fiscais,131970.0
2023-09-30,T3,2.01.03.01,Obrigações Fiscais Federais,127600.0
2023-09-30,T3,2.01.03.01.01,Imposto de Renda e Contribuição Social a Pagar,67629.0
2023-09-30,T3,2.01.03.01.02,Demais Tributos Federais a Pagar,59971.0
2023-09-30,T3,2.01.03.02,Obrigações Fiscais Estaduais,4127.0
2023-09-30,T3,2.01.03.03,Obrigações Fiscais Municipais,243.0
2023-09-30,T3,2.01.04,Empréstimos e Financiamentos,219161.0
2023-09-30,T3,2.01.04.01,Empréstimos e Financiamentos,210617.0
2023-09-30,T3,2.01.04.01.01,Em Moeda Nacional,184349.0
2023-09-30,T3,2.01.04.01.02,Em Moeda Estrangeira,26268.0
2023-09-30,T3,2.01.04.02,Debêntures,8544.0
2023-09-30,T3,2.01.04.03,Financiamento por Arrendamento,0.0
2023-09-30,T3,2.01.05,Outras Obrigações,726815.0
2023-09-30,T3,2.01.05.01,Passivos com Partes Relacionadas,0.0
2023-09-30,T3,2.01.05.01.01,Débitos com Coligadas,0.0
2023-09-30,T3,2.01.05.01.03,Débitos com Controladores,0.0
2023-09-30,T3,2.01.05.01.04,Débitos com Outras Partes Relacionadas,0.0
2023-09-30,T3,2.01.05.02,Outros,726815.0
2023-09-30,T3,2.01.05.02.01,Dividendos e JCP a Pagar,0.0
2023-09-30,T3,2.01.05.02.02,Dividendo Mínimo Obrigatório a Pagar,141512.0
2023-09-30,T3,2.01.05.02.03,Obrigações por Pagamentos Baseados em Ações,0.0
2023-09-30,T3,2.01.05.02.04,Financiamentos de Impostos e Encargos Sociais,0.0
2023-09-30,T3,2.01.05.02.05,Adiantamentos de Clientes,254585.0
2023-09-30,T3,2.01.05.02.06,Títulos a Pagar e Outros,175258.0
2023-09-30,T3,2.01.05.02.07,Instrumentos Financeiros Derivativos,6879.0
2023-09-30,T3,2.01.05.02.08,Obrigações de Combinação de Negócios,148581.0
2023-09-30,T3,2.01.06,Provisões,17836.0
2023-09-30,T3,2.01.06.01,Provisões Fiscais Previdenciárias Trabalhistas e Cíveis,17836.0
2023-09-30,T3,2.01.06.01.01,Provisões Fiscais,0.0
2023-09-30,T3,2.01.06.01.02,Provisões Previdenciárias e Trabalhistas,17836.0
2023-09-30,T3,2.01.06.01.03,Provisões para Benefícios a Empregados,0.0
2023-09-30,T3,2.01.06.01.04,Provisões Cíveis,0.0
2023-09-30,T3,2.01.06.02,Outras Provisões,0.0
2023-09-30,T3,2.01.06.02.01,Provisões para Garantias,0.0
2023-09-30,T3,2.01.06.02.02,Provisões para Reestruturação,0.0
2023-09-30,T3,2.01.06.02.03,Provisões para Passivos Ambientais e de Desativação,0.0
2023-09-30,T3,2.01.07,Passivos sobre Ativos Não-Correntes a Venda e Descontinuados,0.0
2023-09-30,T3,2.01.07.01,Passivos sobre Ativos Não-Correntes a Venda,0.0
2023-09-30,T3,2.01.07.02,Passivos sobre Ativos de Operações Descontinuadas,0.0
2023-09-30,T3,2.02,Passivo Não Circulante,3802317.0
2023-09-30,T3,2.02.01,Empréstimos e Financiamentos,3170678.0
2023-09-30,T3,2.02.01.01,Empréstimos e Financiamentos,2176627.0
2023-09-30,T3,2.02.01.01.01,Em Moeda Nacional,212316.0
2023-09-30,T3,2.02.01.01.02,Em Moeda Estrangeira,1964311.0
2023-09-30,T3,2.02.01.02,Debêntures,994051.0
2023-09-30,T3,2.02.01.03,Financiamento por Arrendamento,0.0
2023-09-30,T3,2.02.02,Outras Obrigações,229040.0
2023-09-30,T3,2.02.02.01,Passivos com Partes Relacionadas,0.0
2023-09-30,T3,2.02.02.01.01,Débitos com Coligadas,0.0
2023-09-30,T3,2.02.02.01.03,Débitos com Controladores,0.0
2023-09-30,T3,2.02.02.01.04,Débitos com Outras Partes Relacionadas,0.0
2023-09-30,T3,2.02.02.02,Outros,229040.0
2023-09-30,T3,2.02.02.02.01,Obrigações por Pagamentos Baseados em Ações,0.0
2023-09-30,T3,2.02.02.02.02,Adiantamento para Futuro Aumento de Capital,0.0
2023-09-30,T3,2.02.02.02.03,Financiamentos de Impostos e Encargos Sociais,0.0
2023-09-30,T3,2.02.02.02.04,Outros passivos de Longo Prazo,16887.0
2023-09-30,T3,2.02.02.02.05,Obrigações de Benefícios de Aposentadoria,0.0
2023-09-30,T3,2.02.02.02.06,Instrumentos Financeiros Derivativos,107768.0
2023-09-30,T3,2.02.02.02.07,Obrigações de Combinação de Negócios,104385.0
2023-09-30,T3,2.02.03,Tributos Diferidos,0.0
2023-09-30,T3,2.02.03.01,Imposto de Renda e Contribuição Social Diferidos,0.0
2023-09-30,T3,2.02.04,Provisões,402599.0
2023-09-30,T3,2.02.04.01,Provisões Fiscais Previdenciárias Trabalhistas e Cíveis,402599.0
2023-09-30,T3,2.02.04.01.01,Provisões Fiscais,239097.0
2023-09-30,T3,2.02.04.01.02,Provisões Previdenciárias e Trabalhistas,78721.0
2023-09-30,T3,2.02.04.01.03,Provisões para Benefícios a Empregados,0.0
2023-09-30,T3,2.02.04.01.04,Provisões Cíveis,84781.0
2023-09-30,T3,2.02.04.02,Outras Provisões,0.0
2023-09-30,T3,2.02.04.02.01,Provisões para Garantias,0.0
2023-09-30,T3,2.02.04.02.02,Provisões para Reestruturação,0.0
2023-09-30,T3,2.02.04.02.03,Provisões para Passivos Ambientais e de Desativação,0.0
2023-09-30,T3,2.02.05,Passivos sobre Ativos Não-Correntes a Venda e Descontinuados,0.0
2023-09-30,T3,2.02.05.01,Passivos sobre Ativos Não-Correntes a Venda,0.0
2023-09-30,T3,2.02.05.02,Passivos sobre Ativos de Operações Descontinuadas,0.0
2023-09-30,T3,2.02.06,Lucros e Receitas a Apropriar,0.0
2023-09-30,T3,2.02.06.01,Lucros a Apropriar,0.0
2023-09-30,T3,2.02.06.02,Receitas a Apropriar,0.0
2023-09-30,T3,2.02.06.03,Subvenções de Investimento a Apropriar,0.0
2023-09-30,T3,2.03,Patrimônio Líquido Consolidado,3269277.0
2023-09-30,T3,2.03.01,Capital Social Realizado,1171062.0
2023-09-30,T3,2.03.02,Reservas de Capital,9370.0
2023-09-30,T3,2.03.02.01,Ágio na Emissão de Ações,0.0
2023-09-30,T3,2.03.02.02,Reserva Especial de Ágio na Incorporação,0.0
2023-09-30,T3,2.03.02.03,Alienação de Bônus de Subscrição,0.0
2023-09-30,T3,2.03.02.04,Opções Outorgadas,9370.0
2023-09-30,T3,2.03.02.05,Ações em Tesouraria,0.0
2023-09-30,T3,2.03.02.06,Adiantamento para Futuro Aumento de Capital,0.0
2023-09-30,T3,2.03.03,Reservas de Reavaliação,0.0
2023-09-30,T3,2.03.04,Reservas de Lucros,978374.0
2023-09-30,T3,2.03.04.01,Reserva Legal,131380.0
2023-09-30,T3,2.03.04.02,Reserva Estatutária,849671.0
2023-09-30,T3,2.03.04.03,Reserva para Contingências,0.0
2023-09-30,T3,2.03.04.04,Reserva de Lucros a Realizar,0.0
2023-09-30,T3,2.03.04.05,Reserva de Retenção de Lucros,0.0
2023-09-30,T3,2.03.04.06,Reserva Especial para Dividendos Não Distribuídos,0.0
2023-09-30,T3,2.03.04.07,Reserva de Incentivos Fiscais,0.0
2023-09-30,T3,2.03.04.08,Dividendo Adicional Proposto,0.0
2023-09-30,T3,2.03.04.09,Ações em Tesouraria,-2677.0
2023-09-30,T3,2.03.05,Lucros/Prejuízos Acumulados,353463.0
2023-09-30,T3,2.03.06,Ajustes de Avaliação Patrimonial,756078.0
2023-09-30,T3,2.03.07,Ajustes Acumulados de Conversão,0.0
2023-09-30,T3,2.03.08,Outros Resultados Abrangentes,0.0
2023-09-30,T3,2.03.09,Participação dos Acionistas Não Controladores,930.0
2024-03-31,T1,2,Passivo Total,10743086.0
2024-03-31,T1,2.01,Passivo Circulante,3195923.0
2024-03-31,T1,2.01.01,Obrigações Sociais e Trabalhistas,356832.0
2024-03-31,T1,2.01.01.01,Obrigações Sociais,67592.0
2024-03-31,T1,2.01.01.02,Obrigações Trabalhistas,289240.0
2024-03-31,T1,2.01.02,Fornecedores,1407774.0
2024-03-31,T1,2.01.02.01,Fornecedores Nacionais,830383.0
2024-03-31,T1,2.01.02.02,Fornecedores Estrangeiros,577391.0
2024-03-31,T1,2.01.03,Obrigações Fiscais,102937.0
2024-03-31,T1,2.01.03.01,Obrigações Fiscais Federais,96577.0
2024-03-31,T1,2.01.03.01.01,Imposto de Renda e Contribuição Social a Pagar,69887.0
2024-03-31,T1,2.01.03.01.02,Demais Tributos Federais a Pagar,26690.0
2024-03-31,T1,2.01.03.02,Obrigações Fiscais Estaduais,6135.0
2024-03-31,T1,2.01.03.03,Obrigações Fiscais Municipais,225.0
2024-03-31,T1,2.01.04,Empréstimos e Financiamentos,715909.0
2024-03-31,T1,2.01.04.01,Empréstimos e Financiamentos,708313.0
2024-03-31,T1,2.01.04.01.01,Em Moeda Nacional,97282.0
2024-03-31,T1,2.01.04.01.02,Em Moeda Estrangeira,611031.0
2024-03-31,T1,2.01.04.02,Debêntures,7596.0
2024-03-31,T1,2.01.04.03,Financiamento por Arrendamento,0.0
2024-03-31,T1,2.01.05,Outras Obrigações,595188.0
2024-03-31,T1,2.01.05.01,Passivos com Partes Relacionadas,0.0
2024-03-31,T1,2.01.05.01.01,Débitos com Coligadas,0.0
2024-03-31,T1,2.01.05.01.03,Débitos com Controladores,0.0
2024-03-31,T1,2.01.05.01.04,Débitos com Outras Partes Relacionadas,0.0
2024-03-31,T1,2.01.05.02,Outros,595188.0
2024-03-31,T1,2.01.05.02.01,Dividendos e JCP a Pagar,0.0
2024-03-31,T1,2.01.05.02.02,Dividendo Mínimo Obrigatório a Pagar,56464.0
2024-03-31,T1,2.01.05.02.03,Obrigações por Pagamentos Baseados em Ações,0.0
2024-03-31,T1,2.01.05.02.04,Financiamentos de Impostos e Encargos Sociais,0.0
2024-03-31,T1,2.01.05.02.05,Adiantamentos de Clientes,269161.0
2024-03-31,T1,2.01.05.02.06,Títulos a Pagar e Outros,179015.0
2024-03-31,T1,2.01.05.02.07,Instrumentos Financeiros Derivativos,7526.0
2024-03-31,T1,2.01.05.02.08,Obrigações de Combinação de Negócios,83022.0
2024-03-31,T1,2.01.06,Provisões,17283.0
2024-03-31,T1,2.01.06.01,Provisões Fiscais Previdenciárias Trabalhistas e Cíveis,17283.0
2024-03-31,T1,2.01.06.01.01,Provisões Fiscais,0.0
2024-03-31,T1,2.01.06.01.02,Provisões Previdenciárias e Trabalhistas,17283.0
2024-03-31,T1,2.01.06.01.03,Provisões para Benefícios a Empregados,0.0
2024-03-31,T1,2.01.06.01.04,Provisões Cíveis,0.0
2024-03-31,T1,2.01.06.02,Outras Provisões,0.0
2024-03-31,T1,2.01.06.02.01,Provisões para Garantias,0.0
2024-03-31,T1,2.01.06.02.02,Provisões para Reestruturação,0.0
2024-03-31,T1,2.01.06.02.03,Provisões para Passivos Ambientais e de Desativação,0.0
2024-03-31,T1,2.01.07,Passivos sobre Ativos Não-Correntes a Venda e Descontinuados,0.0
2024-03-31,T1,2.01.07.01,Passivos sobre Ativos Não-Correntes a Venda,0.0
2024-03-31,T1,2.01.07.02,Passivos sobre Ativos de Operações Descontinuadas,0.0
2024-03-31,T1,2.02,Passivo Não Circulante,4070363.0
2024-03-31,T1,2.02.01,Empréstimos e Financiamentos,3518745.0
2024-03-31,T1,2.02.01.01,Empréstimos e Financiamentos,2523950.0
2024-03-31,T1,2.02.01.01.01,Em Moeda Nacional,399831.0
2024-03-31,T1,2.02.01.01.02,Em Moeda Estrangeira,2124119.0
2024-03-31,T1,2.02.01.02,Debêntures,994795.0
2024-03-31,T1,2.02.01.03,Financiamento por Arrendamento,0.0
2024-03-31,T1,2.02.02,Outras Obrigações,181962.0
2024-03-31,T1,2.02.02.01,Passivos com Partes Relacionadas,0.0
2024-03-31,T1,2.02.02.01.01,Débitos com Coligadas,0.0
2024-03-31,T1,2.02.02.01.03,Débitos com Controladores,0.0
2024-03-31,T1,2.02.02.01.04,Débitos com Outras Partes Relacionadas,0.0
2024-03-31,T1,2.02.02.02,Outros,181962.0
2024-03-31,T1,2.02.02.02.01,Obrigações por Pagamentos Baseados em Ações,0.0
2024-03-31,T1,2.02.02.02.02,Adiantamento para Futuro Aumento de Capital,0.0
2024-03-31,T1,2.02.02.02.03,Financiamentos de Impostos e Encargos Sociais,0.0
2024-03-31,T1,2.02.02.02.04,Outros passivos de Longo Prazo,35193.0
2024-03-31,T1,2.02.02.02.05,Obrigações de Benefícios de Aposentadoria,112917.0
2024-03-31,T1,2.02.02.02.06,Instrumentos Financeiros Derivativos,0.0
2024-03-31,T1,2.02.02.02.07,Obrigações de Combinação de Negócios,33852.0
2024-03-31,T1,2.02.03,Tributos Diferidos,0.0
2024-03-31,T1,2.02.03.01,Imposto de Renda e Contribuição Social Diferidos,0.0
2024-03-31,T1,2.02.04,Provisões,369656.0
2024-03-31,T1,2.02.04.01,Provisões Fiscais Previdenciárias Trabalhistas e Cíveis,369656.0
2024-03-31,T1,2.02.04.01.01,Provisões Fiscais,211246.0
2024-03-31,T1,2.02.04.01.02,Provisões Previdenciárias e Trabalhistas,82011.0
2024-03-31,T1,2.02.04.01.03,Provisões para Benefícios a Empregados,0.0
2024-03-31,T1,2.02.04.01.04,Provisões Cíveis,76399.0
2024-03-31,T1,2.02.04.02,Outras Provisões,0.0
2024-03-31,T1,2.02.04.02.01,Provisões para Garantias,0.0
2024-03-31,T1,2.02.04.02.02,Provisões para Reestruturação,0.0
2024-03-31,T1,2.02.04.02.03,Provisões para Passivos Ambientais e de Desativação,0.0
2024-03-31,T1,2.02.05,Passivos sobre Ativos Não-Correntes a Venda e Descontinuados,0.0
2024-03-31,T1,2.02.05.01,Passivos sobre Ativos Não-Correntes a Venda,0.0
2024-03-31,T1,2.02.05.02,Passivos sobre Ativos de Operações Descontinuadas,0.0
2024-03-31,T1,2.02.06,Lucros e Receitas a Apropriar,0.0
2024-03-31,T1,2.02.06.01,Lucros a Apropriar,0.0
2024-03-31,T1,2.02.06.02,Receitas a Apropriar,0.0
2024-03-31,T1,2.02.06.03,Subvenções de Investimento a Apropriar,0.0
2024-03-31,T1,2.03,Patrimônio Líquido Consolidado,3476800.0
2024-03-31,T1,2.03.01,Capital Social Realizado,1171062.0
2024-03-31,T1,2.03.02,Reservas de Capital,12881.0
2024-03-31,T1,2.03.02.01,Ágio na Emissão de Ações,0.0
2024-03-31,T1,2.03.02.02,Reserva Especial de Ágio na Incorporação,0.0
2024-03-31,T1,2.03.02.03,Alienação de Bônus de Subscrição,0.0
2024-03-31,T1,2.03.02.04,Opções Outorgadas,12881.0
2024-03-31,T1,2.03.02.05,Ações em Tesouraria,0.0
2024-03-31,T1,2.03.02.06,Adiantamento para Futuro Aumento de Capital,0.0
2024-03-31,T1,2.03.03,Reservas de Reavaliação,0.0
2024-03-31,T1,2.03.04,Reservas de Lucros,1426948.0
2024-03-31,T1,2.03.04.01,Reserva Legal,156787.0
2024-03-31,T1,2.03.04.02,Reserva Estatutária,1276865.0
2024-03-31,T1,2.03.04.03,Reserva para Contingências,0.0
2024-03-31,T1,2.03.04.04,Reserva de Lucros a Realizar,0.0
2024-03-31,T1,2.03.04.05,Reserva de Retenção de Lucros,0.0
2024-03-31,T1,2.03.04.06,Reserva Especial para Dividendos Não Distribuídos,0.0
2024-03-31,T1,2.03.04.07,Reserva de Incentivos Fiscais,0.0
2024-03-31,T1,2.03.04.08,Dividendo Adicional Proposto,0.0
2024-03-31,T1,2.03.04.09,Ações em Tesouraria,-6704.0
2024-03-31,T1,2.03.05,Lucros/Prejuízos Acumulados,110469.0
2024-03-31,T1,2.03.06,Ajustes de Avaliação Patrimonial,749917.0
2024-03-31,T1,2.03.07,Ajustes Acumulados de Conversão,0.0
2024-03-31,T1,2.03.08,Outros Resultados Abrangentes,0.0
2024-03-31,T1,2.03.09,Participação dos Acionistas Não Controladores,5523.0
2024-06-30,T2,2,Passivo Total,11704218.0
2024-06-30,T2,2.01,Passivo Circulante,3725288.0
2024-06-30,T2,2.01.01,Obrigações Sociais e Trabalhistas,372567.0
2024-06-30,T2,2.01.01.01,Obrigações Sociais,78779.0
2024-06-30,T2,2.01.01.02,Obrigações Trabalhistas,293788.0
2024-06-30,T2,2.01.02,Fornecedores,1406553.0
2024-06-30,T2,2.01.02.01,Fornecedores Nacionais,836035.0
2024-06-30,T2,2.01.02.02,Fornecedores Estrangeiros,570518.0
2024-06-30,T2,2.01.03,Obrigações Fiscais,126600.0
2024-06-30,T2,2.01.03.01,Obrigações Fiscais Federais,118825.0
2024-06-30,T2,2.01.03.01.01,Imposto de Renda e Contribuição Social a Pagar,72238.0
2024-06-30,T2,2.01.03.01.02,Demais Tributos Federais a Pagar,46587.0
2024-06-30,T2,2.01.03.02,Obrigações Fiscais Estaduais,7577.0
2024-06-30,T2,2.01.03.03,Obrigações Fiscais Municipais,198.0
2024-06-30,T2,2.01.04,Empréstimos e Financiamentos,1045676.0
2024-06-30,T2,2.01.04.01,Empréstimos e Financiamentos,1008734.0
2024-06-30,T2,2.01.04.01.01,Em Moeda Nacional,117620.0
2024-06-30,T2,2.01.04.01.02,Em Moeda Estrangeira,891114.0
2024-06-30,T2,2.01.04.02,Debêntures,36942.0
2024-06-30,T2,2.01.04.03,Financiamento por Arrendamento,0.0
2024-06-30,T2,2.01.05,Outras Obrigações,754325.0
2024-06-30,T2,2.01.05.01,Passivos com Partes Relacionadas,0.0
2024-06-30,T2,2.01.05.01.01,Débitos com Coligadas,0.0
2024-06-30,T2,2.01.05.01.03,Débitos com Controladores,0.0
2024-06-30,T2,2.01.05.01.04,Débitos com Outras Partes Relacionadas,0.0
2024-06-30,T2,2.01.05.02,Outros,754325.0
2024-06-30,T2,2.01.05.02.01,Dividendos e JCP a Pagar,0.0
2024-06-30,T2,2.01.05.02.02,Dividendo Mínimo Obrigatório a Pagar,56464.0
2024-06-30,T2,2.01.05.02.03,Obrigações por Pagamentos Baseados em Ações,0.0
2024-06-30,T2,2.01.05.02.04,Financiamentos de Impostos e Encargos Sociais,0.0
2024-06-30,T2,2.01.05.02.05,Adiantamentos de Clientes,289881.0
2024-06-30,T2,2.01.05.02.06,Títulos a Pagar e Outros,199975.0
2024-06-30,T2,2.01.05.02.07,Instrumentos Financeiros Derivativos,141258.0
2024-06-30,T2,2.01.05.02.08,Obrigações de Combinação de Negócios,66747.0
2024-06-30,T2,2.01.06,Provisões,19567.0
2024-06-30,T2,2.01.06.01,Provisões Fiscais Previdenciárias Trabalhistas e Cíveis,19567.0
2024-06-30,T2,2.01.06.01.01,Provisões Fiscais,0.0
2024-06-30,T2,2.01.06.01.02,Provisões Previdenciárias e Trabalhistas,19567.0
2024-06-30,T2,2.01.06.01.03,Provisões para Benefícios a Empregados,0.0
2024-06-30,T2,2.01.06.01.04,Provisões Cíveis,0.0
2024-06-30,T2,2.01.06.02,Outras Provisões,0.0
2024-06-30,T2,2.01.06.02.01,Provisões para Garantias,0.0
2024-06-30,T2,2.01.06.02.02,Provisões para Reestruturação,0.0
2024-06-30,T2,2.01.06.02.03,Provisões para Passivos Ambientais e de Desativação,0.0
2024-06-30,T2,2.01.07,Passivos sobre Ativos Não-Correntes a Venda e Descontinuados,0.0
2024-06-30,T2,2.01.07.01,Passivos sobre Ativos Não-Correntes a Venda,0.0
2024-06-30,T2,2.01.07.02,Passivos sobre Ativos de Operações Descontinuadas,0.0
2024-06-30,T2,2.02,Passivo Não Circulante,4291703.0
2024-06-30,T2,2.02.01,Empréstimos e Financiamentos,3743358.0
2024-06-30,T2,2.02.01.01,Empréstimos e Financiamentos,2748851.0
2024-06-30,T2,2.02.01.01.01,Em Moeda Nacional,419780.0
2024-06-30,T2,2.02.01.01.02,Em Moeda Estrangeira,2329071.0
2024-06-30,T2,2.02.01.02,Debêntures,994507.0
2024-06-30,T2,2.02.01.03,Financiamento por Arrendamento,0.0
2024-06-30,T2,2.02.02,Outras Obrigações,169566.0
2024-06-30,T2,2.02.02.01,Passivos com Partes Relacionadas,0.0
2024-06-30,T2,2.02.02.01.01,Débitos com Coligadas,0.0
2024-06-30,T2,2.02.02.01.03,Débitos com Controladores,0.0
2024-06-30,T2,2.02.02.01.04,Débitos com Outras Partes Relacionadas,0.0
2024-06-30,T2,2.02.02.02,Outros,169566.0
2024-06-30,T2,2.02.02.02.01,Obrigações por Pagamentos Baseados em Ações,0.0
2024-06-30,T2,2.02.02.02.02,Adiantamento para Futuro Aumento de Capital,0.0
2024-06-30,T2,2.02.02.02.03,Financiamentos de Impostos e Encargos Sociais,0.0
2024-06-30,T2,2.02.02.02.04,Outros passivos de Longo Prazo,33431.0
2024-06-30,T2,2.02.02.02.05,Obrigações de Benefícios de Aposentadoria,0.0
2024-06-30,T2,2.02.02.02.06,Instrumentos Financeiros Derivativos,19384.0
2024-06-30,T2,2.02.02.02.07,Obrigações de Combinação de Negócios,116751.0
2024-06-30,T2,2.02.03,Tributos Diferidos,0.0
2024-06-30,T2,2.02.03.01,Imposto de Renda e Contribuição Social Diferidos,0.0
2024-06-30,T2,2.02.04,Provisões,378779.0
2024-06-30,T2,2.02.04.01,Provisões Fiscais Previdenciárias Trabalhistas e Cíveis,378779.0
2024-06-30,T2,2.02.04.01.01,Provisões Fiscais,213965.0
2024-06-30,T2,2.02.04.01.02,Provisões Previdenciárias e Trabalhistas,84041.0
2024-06-30,T2,2.02.04.01.03,Provisões para Benefícios a Empregados,0.0
2024-06-30,T2,2.02.04.01.04,Provisões Cíveis,80773.0
2024-06-30,T2,2.02.04.02,Outras Provisões,0.0
2024-06-30,T2,2.02.04.02.01,Provisões para Garantias,0.0
2024-06-30,T2,2.02.04.02.02,Provisões para Reestruturação,0.0
2024-06-30,T2,2.02.04.02.03,Provisões para Passivos Ambientais e de Desativação,0.0
2024-06-30,T2,2.02.05,Passivos sobre Ativos Não-Correntes a Venda e Descontinuados,0.0
2024-06-30,T2,2.02.05.01,Passivos sobre Ativos Não-Correntes a Venda,0.0
2024-06-30,T2,2.02.05.02,Passivos sobre Ativos de Operações Descontinuadas,0.0
2024-06-30,T2,2.02.06,Lucros e Receitas a Apropriar,0.0
2024-06-30,T2,2.02.06.01,Lucros a Apropriar,0.0
2024-06-30,T2,2.02.06.02,Receitas a Apropriar,0.0
2024-06-30,T2,2.02.06.03,Subvenções de Investimento a Apropriar,0.0
2024-06-30,T2,2.03,Patrimônio Líquido Consolidado,3687227.0
2024-06-30,T2,2.03.01,Capital Social Realizado,1427111.0
2024-06-30,T2,2.03.02,Reservas de Capital,9136.0
2024-06-30,T2,2.03.02.01,Ágio na Emissão de Ações,0.0
2024-06-30,T2,2.03.02.02,Reserva Especial de Ágio na Incorporação,0.0
2024-06-30,T2,2.03.02.03,Alienação de Bônus de Subscrição,0.0
2024-06-30,T2,2.03.02.04,Opções Outorgadas,9136.0
2024-06-30,T2,2.03.02.05,Ações em Tesouraria,0.0
2024-06-30,T2,2.03.02.06,Adiantamento para Futuro Aumento de Capital,0.0
2024-06-30,T2,2.03.03,Reservas de Reavaliação,0.0
2024-06-30,T2,2.03.04,Reservas de Lucros,1154633.0
2024-06-30,T2,2.03.04.01,Reserva Legal,156787.0
2024-06-30,T2,2.03.04.02,Reserva Estatutária,1020816.0
2024-06-30,T2,2.03.04.03,Reserva para Contingências,0.0
2024-06-30,T2,2.03.04.04,Reserva de Lucros a Realizar,0.0
2024-06-30,T2,2.03.04.05,Reserva de Retenção de Lucros,0.0
2024-06-30,T2,2.03.04.06,Reserva Especial para Dividendos Não Distribuídos,0.0
2024-06-30,T2,2.03.04.07,Reserva de Incentivos Fiscais,0.0
2024-06-30,T2,2.03.04.08,Dividendo Adicional Proposto,0.0
2024-06-30,T2,2.03.04.09,Ações em Tesouraria,-22970.0
2024-06-30,T2,2.03.05,Lucros/Prejuízos Acumulados,127795.0
2024-06-30,T2,2.03.06,Ajustes de Avaliação Patrimonial,961181.0
2024-06-30,T2,2.03.07,Ajustes Acumulados de Conversão,0.0
2024-06-30,T2,2.03.08,Outros Resultados Abrangentes,0.0
2024-06-30,T2,2.03.09,Participação dos Acionistas Não Controladores,7371.0
2024-09-30,T3,2,Passivo Total,11316001.0
2024-09-30,T3,2.01,Passivo Circulante,3220884.0
2024-09-30,T3,2.01.01,Obrigações Sociais e Trabalhistas,418480.0
2024-09-30,T3,2.01.01.01,Obrigações Sociais,58874.0
2024-09-30,T3,2.01.01.02,Obrigações Trabalhistas,359606.0
2024-09-30,T3,2.01.02,Fornecedores,1411298.0
2024-09-30,T3,2.01.02.01,Fornecedores Nacionais,841325.0
2024-09-30,T3,2.01.02.02,Fornecedores Estrangeiros,569973.0
2024-09-30,T3,2.01.03,Obrigações Fiscais,102522.0
2024-09-30,T3,2.01.03.01,Obrigações Fiscais Federais,101724.0
2024-09-30,T3,2.01.03.01.01,Imposto de Renda e Contribuição Social a Pagar,55302.0
2024-09-30,T3,2.01.03.01.02,Demais Tributos Federais a Pagar,46422.0
2024-09-30,T3,2.01.03.02,Obrigações Fiscais Estaduais,596.0
2024-09-30,T3,2.01.03.03,Obrigações Fiscais Municipais,202.0
2024-09-30,T3,2.01.04,Empréstimos e Financiamentos,654575.0
2024-09-30,T3,2.01.04.01,Empréstimos e Financiamentos,619815.0
2024-09-30,T3,2.01.04.01.01,Em Moeda Nacional,16099.0
2024-09-30,T3,2.01.04.01.02,Em Moeda Estrangeira,603716.0
2024-09-30,T3,2.01.04.02,Debêntures,34760.0
2024-09-30,T3,2.01.04.03,Financiamento por Arrendamento,0.0
2024-09-30,T3,2.01.05,Outras Obrigações,594096.0
2024-09-30,T3,2.01.05.01,Passivos com Partes Relacionadas,0.0
2024-09-30,T3,2.01.05.01.01,Débitos com Coligadas,0.0
2024-09-30,T3,2.01.05.01.03,Débitos com Controladores,0.0
2024-09-30,T3,2.01.05.01.04,Débitos com Outras Partes Relacionadas,0.0
2024-09-30,T3,2.01.05.02,Outros,594096.0
2024-09-30,T3,2.01.05.02.01,Dividendos e JCP a Pagar,0.0
2024-09-30,T3,2.01.05.02.02,Dividendo Mínimo Obrigatório a Pagar,22325.0
2024-09-30,T3,2.01.05.02.03,Obrigações por Pagamentos Baseados em Ações,0.0
2024-09-30,T3,2.01.05.02.04,Financiamentos de Impostos e Encargos Sociais,0.0
2024-09-30,T3,2.01.05.02.05,Adiantamentos de Clientes,280716.0
2024-09-30,T3,2.01.05.02.06,Títulos a Pagar e Outros,207298.0
2024-09-30,T3,2.01.05.02.07,Instrumentos Financeiros Derivativos,28754.0
2024-09-30,T3,2.01.05.02.08,Obrigações de Combinação de Negócios,55003.0
2024-09-30,T3,2.01.06,Provisões,39913.0
2024-09-30,T3,2.01.06.01,Provisões Fiscais Previdenciárias Trabalhistas e Cíveis,39913.0
2024-09-30,T3,2.01.06.01.01,Provisões Fiscais,0.0
2024-09-30,T3,2.01.06.01.02,Provisões Previdenciárias e Trabalhistas,39913.0
2024-09-30,T3,2.01.06.01.03,Provisões para Benefícios a Empregados,0.0
2024-09-30,T3,2.01.06.01.04,Provisões Cíveis,0.0
2024-09-30,T3,2.01.06.02,Outras Provisões,0.0
2024-09-30,T3,2.01.06.02.01,Provisões para Garantias,0.0
2024-09-30,T3,2.01.06.02.02,Provisões para Reestruturação,0.0
2024-09-30,T3,2.01.06.02.03,Provisões para Passivos Ambientais e de Desativação,0.0
2024-09-30,T3,2.01.07,Passivos sobre Ativos Não-Correntes a Venda e Descontinuados,0.0
2024-09-30,T3,2.01.07.01,Passivos sobre Ativos Não-Correntes a Venda,0.0
2024-09-30,T3,2.01.07.02,Passivos sobre Ativos de Operações Descontinuadas,0.0
2024-09-30,T3,2.02,Passivo Não Circulante,4379049.0
2024-09-30,T3,2.02.01,Empréstimos e Financiamentos,3855658.0
2024-09-30,T3,2.02.01.01,Empréstimos e Financiamentos,2363235.0
2024-09-30,T3,2.02.01.01.01,Em Moeda Nacional,71970.0
2024-09-30,T3,2.02.01.01.02,Em Moeda Estrangeira,2291265.0
2024-09-30,T3,2.02.01.02,Debêntures,1492423.0
2024-09-30,T3,2.02.01.03,Financiamento por Arrendamento,0.0
2024-09-30,T3,2.02.02,Outras Obrigações,166623.0
2024-09-30,T3,2.02.02.01,Passivos com Partes Relacionadas,0.0
2024-09-30,T3,2.02.02.01.01,Débitos com Coligadas,0.0
2024-09-30,T3,2.02.02.01.03,Débitos com Controladores,0.0
2024-09-30,T3,2.02.02.01.04,Débitos com Outras Partes Relacionadas,0.0
2024-09-30,T3,2.02.02.02,Outros,166623.0
2024-09-30,T3,2.02.02.02.01,Obrigações por Pagamentos Baseados em Ações,0.0
2024-09-30,T3,2.02.02.02.02,Adiantamento para Futuro Aumento de Capital,0.0
2024-09-30,T3,2.02.02.02.03,Financiamentos de Impostos e Encargos Sociais,0.0
2024-09-30,T3,2.02.02.02.04,Outros passivos de Longo Prazo,35196.0
2024-09-30,T3,2.02.02.02.05,Obrigações de Benefícios de Aposentadoria,112043.0
2024-09-30,T3,2.02.02.02.06,Instrumentos Financeiros Derivativos,0.0
2024-09-30,T3,2.02.02.02.07,Obrigações de Combinação de Negócios,19384.0
2024-09-30,T3,2.02.03,Tributos Diferidos,0.0
2024-09-30,T3,2.02.03.01,Imposto de Renda e Contribuição Social Diferidos,0.0
2024-09-30,T3,2.02.04,Provisões,356768.0
2024-09-30,T3,2.02.04.01,Provisões Fiscais Previdenciárias Trabalhistas e Cíveis,356768.0
2024-09-30,T3,2.02.04.01.01,Provisões Fiscais,216762.0
2024-09-30,T3,2.02.04.01.02,Provisões Previdenciárias e Trabalhistas,55183.0
2024-09-30,T3,2.02.04.01.03,Provisões para Benefícios a Empregados,0.0
2024-09-30,T3,2.02.04.01.04,Provisões Cíveis,84823.0
2024-09-30,T3,2.02.04.02,Outras Provisões,0.0
2024-09-30,T3,2.02.04.02.01,Provisões para Garantias,0.0
2024-09-30,T3,2.02.04.02.02,Provisões para Reestruturação,0.0
2024-09-30,T3,2.02.04.02.03,Provisões para Passivos Ambientais e de Desativação,0.0
2024-09-30,T3,2.02.05,Passivos sobre Ativos Não-Correntes a Venda e Descontinuados,0.0
2024-09-30,T3,2.02.05.01,Passivos sobre Ativos Não-Correntes a Venda,0.0
2024-09-30,T3,2.02.05.02,Passivos sobre Ativos de Operações Descontinuadas,0.0
2024-09-30,T3,2.02.06,Lucros e Receitas a Apropriar,0.0
2024-09-30,T3,2.02.06.01,Lucros a Apropriar,0.0
2024-09-30,T3,2.02.06.02,Receitas a Apropriar,0.0
2024-09-30,T3,2.02.06.03,Subvenções de Investimento a Apropriar,0.0
2024-09-30,T3,2.03,Patrimônio Líquido Consolidado,3716068.0
2024-09-30,T3,2.03.01,Capital Social Realizado,1427111.0
2024-09-30,T3,2.03.02,Reservas de Capital,10494.0
2024-09-30,T3,2.03.02.01,Ágio na Emissão de Ações,0.0
2024-09-30,T3,2.03.02.02,Reserva Especial de Ágio na Incorporação,0.0
2024-09-30,T3,2.03.02.03,Alienação de Bônus de Subscrição,0.0
2024-09-30,T3,2.03.02.04,Opções Outorgadas,10494.0
2024-09-30,T3,2.03.02.05,Ações em Tesouraria,0.0
2024-09-30,T3,2.03.02.06,Adiantamento para Futuro Aumento de Capital,0.0
2024-09-30,T3,2.03.03,Reservas de Reavaliação,0.0
2024-09-30,T3,2.03.04,Reservas de Lucros,1152819.0
2024-09-30,T3,2.03.04.01,Reserva Legal,156787.0
2024-09-30,T3,2.03.04.02,Reserva Estatutária,1020816.0
2024-09-30,T3,2.03.04.03,Reserva para Contingências,0.0
2024-09-30,T3,2.03.04.04,Reserva de Lucros a Realizar,0.0
2024-09-30,T3,2.03.04.05,Reserva de Retenção de Lucros,0.0
2024-09-30,T3,2.03.04.06,Reserva Especial para Dividendos Não Distribuídos,0.0
2024-09-30,T3,2.03.04.07,Reserva de Incentivos Fiscais,0.0
2024-09-30,T3,2.03.04.08,Dividendo Adicional Proposto,0.0
2024-09-30,T3,2.03.04.09,Ações em Tesouraria,-24784.0
2024-09-30,T3,2.03.05,Lucros/Prejuízos Acumulados,178793.0
2024-09-30,T3,2.03.06,Ajustes de Avaliação Patrimonial,939443.0
2024-09-30,T3,2.03.07,Ajustes Acumulados de Conversão,0.0
2024-09-30,T3,2.03.08,Outros Resultados Abrangentes,0.0
2024-09-30,T3,2.03.09,Participação dos Acionistas Não Controladores,7408.0
2025-03-31,T1,2,Passivo Total,10693230.0
2025-03-31,T1,2.01,Passivo Circulante,2933392.0
2025-03-31,T1,2.01.01,Obrigações Sociais e Trabalhistas,334465.0
2025-03-31,T1,2.01.01.01,Obrigações Sociais,33731.0
2025-03-31,T1,2.01.01.02,Obrigações Trabalhistas,300734.0
2025-03-31,T1,2.01.02,Fornecedores,1574755.0
2025-03-31,T1,2.01.02.01,Fornecedores Nacionais,900083.0
2025-03-31,T1,2.01.02.02,Fornecedores Estrangeiros,674672.0
2025-03-31,T1,2.01.03,Obrigações Fiscais,109116.0
2025-03-31,T1,2.01.03.01,Obrigações Fiscais Federais,108303.0
2025-03-31,T1,2.01.03.01.01,Imposto de Renda e Contribuição Social a Pagar,50918.0
2025-03-31,T1,2.01.03.01.02,Demais Tributos Federais a Pagar,57385.0
2025-03-31,T1,2.01.03.02,Obrigações Fiscais Estaduais,660.0
2025-03-31,T1,2.01.03.03,Obrigações Fiscais Municipais,153.0
2025-03-31,T1,2.01.04,Empréstimos e Financiamentos,299141.0
2025-03-31,T1,2.01.04.01,Empréstimos e Financiamentos,259886.0
2025-03-31,T1,2.01.04.01.01,Em Moeda Nacional,14847.0
2025-03-31,T1,2.01.04.01.02,Em Moeda Estrangeira,245039.0
2025-03-31,T1,2.01.04.02,Debêntures,39255.0
2025-03-31,T1,2.01.04.03,Financiamento por Arrendamento,0.0
2025-03-31,T1,2.01.05,Outras Obrigações,547850.0
2025-03-31,T1,2.01.05.01,Passivos com Partes Relacionadas,0.0
2025-03-31,T1,2.01.05.01.01,Débitos com Coligadas,0.0
2025-03-31,T1,2.01.05.01.03,Débitos com Controladores,0.0
2025-03-31,T1,2.01.05.01.04,Débitos com Outras Partes Relacionadas,0.0
2025-03-31,T1,2.01.05.02,Outros,547850.0
2025-03-31,T1,2.01.05.02.01,Dividendos e JCP a Pagar,0.0
2025-03-31,T1,2.01.05.02.02,Dividendo Mínimo Obrigatório a Pagar,336.0
2025-03-31,T1,2.01.05.02.03,Obrigações por Pagamentos Baseados em Ações,0.0
2025-03-31,T1,2.01.05.02.04,Financiamentos de Impostos e Encargos Sociais,0.0
2025-03-31,T1,2.01.05.02.05,Adiantamentos de Clientes,360239.0
2025-03-31,T1,2.01.05.02.06,Títulos a Pagar e Outros,158918.0
2025-03-31,T1,2.01.05.02.07,Instrumentos Financeiros Derivativos,2222.0
2025-03-31,T1,2.01.05.02.08,Obrigações de Combinação de Negócios,26135.0
2025-03-31,T1,2.01.06,Provisões,68065.0
2025-03-31,T1,2.01.06.01,Provisões Fiscais Previdenciárias Trabalhistas e Cíveis,68065.0
2025-03-31,T1,2.01.06.01.01,Provisões Fiscais,0.0
2025-03-31,T1,2.01.06.01.02,Provisões Previdenciárias e Trabalhistas,68065.0
2025-03-31,T1,2.01.06.01.03,Provisões para Benefícios a Empregados,0.0
2025-03-31,T1,2.01.06.01.04,Provisões Cíveis,0.0
2025-03-31,T1,2.01.06.02,Outras Provisões,0.0
2025-03-31,T1,2.01.06.02.01,Provisões para Garantias,0.0
2025-03-31,T1,2.01.06.02.02,Provisões para Reestruturação,0.0
2025-03-31,T1,2.01.06.02.03,Provisões para Passivos Ambientais e de Desativação,0.0
2025-03-31,T1,2.01.07,Passivos sobre Ativos Não-Correntes a Venda e Descontinuados,0.0
2025-03-31,T1,2.01.07.01,Passivos sobre Ativos Não-Correntes a Venda,0.0
2025-03-31,T1,2.01.07.02,Passivos sobre Ativos de Operações Descontinuadas,0.0
2025-03-31,T1,2.02,Passivo Não Circulante,4438058.0
2025-03-31,T1,2.02.01,Empréstimos e Financiamentos,3958966.0
2025-03-31,T1,2.02.01.01,Empréstimos e Financiamentos,2465946.0
2025-03-31,T1,2.02.01.01.01,Em Moeda Nacional,70264.0
2025-03-31,T1,2.02.01.01.02,Em Moeda Estrangeira,2395682.0
2025-03-31,T1,2.02.01.02,Debêntures,1493020.0
2025-03-31,T1,2.02.01.03,Financiamento por Arrendamento,0.0
2025-03-31,T1,2.02.02,Outras Obrigações,155276.0
2025-03-31,T1,2.02.02.01,Passivos com Partes Relacionadas,0.0
2025-03-31,T1,2.02.02.01.01,Débitos com Coligadas,0.0
2025-03-31,T1,2.02.02.01.03,Débitos com Controladores,0.0
2025-03-31,T1,2.02.02.01.04,Débitos com Outras Partes Relacionadas,0.0
2025-03-31,T1,2.02.02.02,Outros,155276.0
2025-03-31,T1,2.02.02.02.01,Obrigações por Pagamentos Baseados em Ações,0.0
2025-03-31,T1,2.02.02.02.02,Adiantamento para Futuro Aumento de Capital,0.0
2025-03-31,T1,2.02.02.02.03,Financiamentos de Impostos e Encargos Sociais,0.0
2025-03-31,T1,2.02.02.02.04,Outros passivos de Longo Prazo,41150.0
2025-03-31,T1,2.02.02.02.05,Obrigações de Benefícios de Aposentadoria,98729.0
2025-03-31,T1,2.02.02.02.06,Instrumentos Financeiros Derivativos,0.0
2025-03-31,T1,2.02.02.02.07,Obrigações de Combinação de Negócios,15397.0
2025-03-31,T1,2.02.03,Tributos Diferidos,0.0
2025-03-31,T1,2.02.03.01,Imposto de Renda e Contribuição Social Diferidos,0.0
2025-03-31,T1,2.02.04,Provisões,323816.0
2025-03-31,T1,2.02.04.01,Provisões Fiscais Previdenciárias Trabalhistas e Cíveis,323816.0
2025-03-31,T1,2.02.04.01.01,Provisões Fiscais,223928.0
2025-03-31,T1,2.02.04.01.02,Provisões Previdenciárias e Trabalhistas,13662.0
2025-03-31,T1,2.02.04.01.03,Provisões para Benefícios a Empregados,0.0
2025-03-31,T1,2.02.04.01.04,Provisões Cíveis,86226.0
2025-03-31,T1,2.02.04.02,Outras Provisões,0.0
2025-03-31,T1,2.02.04.02.01,Provisões para Garantias,0.0
2025-03-31,T1,2.02.04.02.02,Provisões para Reestruturação,0.0
2025-03-31,T1,2.02.04.02.03,Provisões para Passivos Ambientais e de Desativação,0.0
2025-03-31,T1,2.02.05,Passivos sobre Ativos Não-Correntes a Venda e Descontinuados,0.0
2025-03-31,T1,2.02.05.01,Passivos sobre Ativos Não-Correntes a Venda,0.0
2025-03-31,T1,2.02.05.02,Passivos sobre Ativos de Operações Descontinuadas,0.0
2025-03-31,T1,2.02.06,Lucros e Receitas a Apropriar,0.0
2025-03-31,T1,2.02.06.01,Lucros a Apropriar,0.0
2025-03-31,T1,2.02.06.02,Receitas a Apropriar,0.0
2025-03-31,T1,2.02.06.03,Subvenções de Investimento a Apropriar,0.0
2025-03-31,T1,2.03,Patrimônio Líquido Consolidado,3321780.0
2025-03-31,T1,2.03.01,Capital Social Realizado,1427111.0
2025-03-31,T1,2.03.02,Reservas de Capital,16184.0
2025-03-31,T1,2.03.02.01,Ágio na Emissão de Ações,0.0
2025-03-31,T1,2.03.02.02,Reserva Especial de Ágio na Incorporação,0.0
2025-03-31,T1,2.03.02.03,Alienação de Bônus de Subscrição,0.0
2025-03-31,T1,2.03.02.04,Opções Outorgadas,16184.0
2025-03-31,T1,2.03.02.05,Ações em Tesouraria,0.0
2025-03-31,T1,2.03.02.06,Adiantamento para Futuro Aumento de Capital,0.0
2025-03-31,T1,2.03.03,Reservas de Reavaliação,0.0
2025-03-31,T1,2.03.04,Reservas de Lucros,873619.0
2025-03-31,T1,2.03.04.01,Reserva Legal,160762.0
2025-03-31,T1,2.03.04.02,Reserva Estatutária,908538.0
2025-03-31,T1,2.03.04.03,Reserva para Contingências,0.0
2025-03-31,T1,2.03.04.04,Reserva de Lucros a Realizar,0.0
2025-03-31,T1,2.03.04.05,Reserva de Retenção de Lucros,0.0
2025-03-31,T1,2.03.04.06,Reserva Especial para Dividendos Não Distribuídos,0.0
2025-03-31,T1,2.03.04.07,Reserva de Incentivos Fiscais,0.0
2025-03-31,T1,2.03.04.08,Dividendo Adicional Proposto,0.0
2025-03-31,T1,2.03.04.09,Ações em Tesouraria,-195681.0
2025-03-31,T1,2.03.05,Lucros/Prejuízos Acumulados,-11938.0
2025-03-31,T1,2.03.06,Ajustes de Avaliação Patrimonial,1009081.0
2025-03-31,T1,2.03.07,Ajustes Acumulados de Conversão,0.0
2025-03-31,T1,2.03.08,Outros Resultados Abrangentes,0.0
2025-03-31,T1,2.03.09,Participação dos Acionistas Não Controladores,7723.0
2025-06-30,T2,2,Passivo Total,10129697.0
2025-06-30,T2,2.01,Passivo Circulante,2628533.0
2025-06-30,T2,2.01.01,Obrigações Sociais e Trabalhistas,366162.0
2025-06-30,T2,2.01.01.01,Obrigações Sociais,41298.0
2025-06-30,T2,2.01.01.02,Obrigações Trabalhistas,324864.0
2025-06-30,T2,2.01.02,Fornecedores,1321633.0
2025-06-30,T2,2.01.02.01,Fornecedores Nacionais,792334.0
2025-06-30,T2,2.01.02.02,Fornecedores Estrangeiros,529299.0
2025-06-30,T2,2.01.03,Obrigações Fiscais,125213.0
2025-06-30,T2,2.01.03.01,Obrigações Fiscais Federais,124384.0
2025-06-30,T2,2.01.03.01.01,Imposto de Renda e Contribuição Social a Pagar,64429.0
2025-06-30,T2,2.01.03.01.02,Demais Tributos Federais a Pagar,59955.0
2025-06-30,T2,2.01.03.02,Obrigações Fiscais Estaduais,574.0
2025-06-30,T2,2.01.03.03,Obrigações Fiscais Municipais,255.0
2025-06-30,T2,2.01.04,Empréstimos e Financiamentos,195483.0
2025-06-30,T2,2.01.04.01,Empréstimos e Financiamentos,101006.0
2025-06-30,T2,2.01.04.01.01,Em Moeda Nacional,11677.0
2025-06-30,T2,2.01.04.01.02,Em Moeda Estrangeira,89329.0
2025-06-30,T2,2.01.04.02,Debêntures,94477.0
2025-06-30,T2,2.01.04.03,Financiamento por Arrendamento,0.0
2025-06-30,T2,2.01.05,Outras Obrigações,548061.0
2025-06-30,T2,2.01.05.01,Passivos com Partes Relacionadas,0.0
2025-06-30,T2,2.01.05.01.01,Débitos com Coligadas,0.0
2025-06-30,T2,2.01.05.01.03,Débitos com Controladores,0.0
2025-06-30,T2,2.01.05.01.04,Débitos com Outras Partes Relacionadas,0.0
2025-06-30,T2,2.01.05.02,Outros,548061.0
2025-06-30,T2,2.01.05.02.01,Dividendos e JCP a Pagar,0.0
2025-06-30,T2,2.01.05.02.02,Dividendo Mínimo Obrigatório a Pagar,335.0
2025-06-30,T2,2.01.05.02.03,Obrigações por Pagamentos Baseados em Ações,0.0
2025-06-30,T2,2.01.05.02.04,Financiamentos de Impostos e Encargos Sociais,0.0
2025-06-30,T2,2.01.05.02.05,Adiantamentos de Clientes,355457.0
2025-06-30,T2,2.01.05.02.06,Títulos a Pagar e Outros,175461.0
2025-06-30,T2,2.01.05.02.07,Instrumentos Financeiros Derivativos,765.0
2025-06-30,T2,2.01.05.02.08,Obrigações de Combinação de Negócios,16043.0
2025-06-30,T2,2.01.06,Provisões,71981.0
2025-06-30,T2,2.01.06.01,Provisões Fiscais Previdenciárias Trabalhistas e Cíveis,71981.0
2025-06-30,T2,2.01.06.01.01,Provisões Fiscais,0.0
2025-06-30,T2,2.01.06.01.02,Provisões Previdenciárias e Trabalhistas,71981.0
2025-06-30,T2,2.01.06.01.03,Provisões para Benefícios a Empregados,0.0
2025-06-30,T2,2.01.06.01.04,Provisões Cíveis,0.0
2025-06-30,T2,2.01.06.02,Outras Provisões,0.0
2025-06-30,T2,2.01.06.02.01,Provisões para Garantias,0.0
2025-06-30,T2,2.01.06.02.02,Provisões para Reestruturação,0.0
2025-06-30,T2,2.01.06.02.03,Provisões para Passivos Ambientais e de Desativação,0.0
2025-06-30,T2,2.01.07,Passivos sobre Ativos Não-Correntes a Venda e Descontinuados,0.0
2025-06-30,T2,2.01.07.01,Passivos sobre Ativos Não-Correntes a Venda,0.0
2025-06-30,T2,2.01.07.02,Passivos sobre Ativos de Operações Descontinuadas,0.0
2025-06-30,T2,2.02,Passivo Não Circulante,4328262.0
2025-06-30,T2,2.02.01,Empréstimos e Financiamentos,3848700.0
2025-06-30,T2,2.02.01.01,Empréstimos e Financiamentos,2355351.0
2025-06-30,T2,2.02.01.01.01,Em Moeda Nacional,70623.0
2025-06-30,T2,2.02.01.01.02,Em Moeda Estrangeira,2284728.0
2025-06-30,T2,2.02.01.02,Debêntures,1493349.0
2025-06-30,T2,2.02.01.03,Financiamento por Arrendamento,0.0
2025-06-30,T2,2.02.02,Outras Obrigações,158461.0
2025-06-30,T2,2.02.02.01,Passivos com Partes Relacionadas,0.0
2025-06-30,T2,2.02.02.01.01,Débitos com Coligadas,0.0
2025-06-30,T2,2.02.02.01.03,Débitos com Controladores,0.0
2025-06-30,T2,2.02.02.01.04,Débitos com Outras Partes Relacionadas,0.0
2025-06-30,T2,2.02.02.02,Outros,158461.0
2025-06-30,T2,2.02.02.02.01,Obrigações por Pagamentos Baseados em Ações,0.0
2025-06-30,T2,2.02.02.02.02,Adiantamento para Futuro Aumento de Capital,0.0
2025-06-30,T2,2.02.02.02.03,Financiamentos de Impostos e Encargos Sociais,0.0
2025-06-30,T2,2.02.02.02.04,Outros passivos de Longo Prazo,39059.0
2025-06-30,T2,2.02.02.02.05,Obrigações de Benefícios de Aposentadoria,104005.0
2025-06-30,T2,2.02.02.02.06,Instrumentos Financeiros Derivativos,0.0
2025-06-30,T2,2.02.02.02.07,Obrigações de Combinação de Negócios,15397.0
2025-06-30,T2,2.02.03,Tributos Diferidos,0.0
2025-06-30,T2,2.02.03.01,Imposto de Renda e Contribuição Social Diferidos,0.0
2025-06-30,T2,2.02.04,Provisões,321101.0
2025-06-30,T2,2.02.04.01,Provisões Fiscais Previdenciárias Trabalhistas e Cíveis,321101.0
2025-06-30,T2,2.02.04.01.01,Provisões Fiscais,225836.0
2025-06-30,T2,2.02.04.01.02,Provisões Previdenciárias e Trabalhistas,8946.0
2025-06-30,T2,2.02.04.01.03,Provisões para Benefícios a Empregados,0.0
2025-06-30,T2,2.02.04.01.04,Provisões Cíveis,86319.0
2025-06-30,T2,2.02.04.02,Outras Provisões,0.0
2025-06-30,T2,2.02.04.02.01,Provisões para Garantias,0.0
2025-06-30,T2,2.02.04.02.02,Provisões para Reestruturação,0.0
2025-06-30,T2,2.02.04.02.03,Provisões para Passivos Ambientais e de Desativação,0.0
2025-06-30,T2,2.02.05,Passivos sobre Ativos Não-Correntes a Venda e Descontinuados,0.0
2025-06-30,T2,2.02.05.01,Passivos sobre Ativos Não-Correntes a Venda,0.0
2025-06-30,T2,2.02.05.02,Passivos sobre Ativos de Operações Descontinuadas,0.0
2025-06-30,T2,2.02.06,Lucros e Receitas a Apropriar,0.0
2025-06-30,T2,2.02.06.01,Lucros a Apropriar,0.0
2025-06-30,T2,2.02.06.02,Receitas a Apropriar,0.0
2025-06-30,T2,2.02.06.03,Subvenções de Investimento a Apropriar,0.0
2025-06-30,T2,2.03,Patrimônio Líquido Consolidado,3172902.0
2025-06-30,T2,2.03.01,Capital Social Realizado,1427111.0
2025-06-30,T2,2.03.02,Reservas de Capital,13647.0
2025-06-30,T2,2.03.02.01,Ágio na Emissão de Ações,0.0
2025-06-30,T2,2.03.02.02,Reserva Especial de Ágio na Incorporação,0.0
2025-06-30,T2,2.03.02.03,Alienação de Bônus de Subscrição,0.0
2025-06-30,T2,2.03.02.04,Opções Outorgadas,13647.0
2025-06-30,T2,2.03.02.05,Ações em Tesouraria,0.0
2025-06-30,T2,2.03.02.06,Adiantamento para Futuro Aumento de Capital,0.0
2025-06-30,T2,2.03.03,Reservas de Reavaliação,0.0
2025-06-30,T2,2.03.04,Reservas de Lucros,778887.0
2025-06-30,T2,2.03.04.01,Reserva Legal,160762.0
2025-06-30,T2,2.03.04.02,Reserva Estatutária,908538.0
2025-06-30,T2,2.03.04.03,Reserva para Contingências,0.0
2025-06-30,T2,2.03.04.04,Reserva de Lucros a Realizar,0.0
2025-06-30,T2,2.03.04.05,Reserva de Retenção de Lucros,0.0
2025-06-30,T2,2.03.04.06,Reserva Especial para Dividendos Não Distribuídos,0.0
2025-06-30,T2,2.03.04.07,Reserva de Incentivos Fiscais,0.0
2025-06-30,T2,2.03.04.08,Dividendo Adicional Proposto,0.0
2025-06-30,T2,2.03.04.09,Ações em Tesouraria,-290413.0
2025-06-30,T2,2.03.05,Lucros/Prejuízos Acumulados,10838.0
2025-06-30,T2,2.03.06,Ajustes de Avaliação Patrimonial,932760.0
2025-06-30,T2,2.03.07,Ajustes Acumulados de Conversão,0.0
2025-06-30,T2,2.03.08,Outros Resultados Abrangentes,0.0
2025-06-30,T2,2.03.09,Participação dos Acionistas Não Controladores,9659.0
2025-09-30,T3,2,Passivo Total,9867685.0
2025-09-30,T3,2.01,Passivo Circulante,2489601.0
2025-09-30,T3,2.01.01,Obrigações Sociais e Trabalhistas,377777.0
2025-09-30,T3,2.01.01.01,Obrigações Sociais,43272.0
2025-09-30,T3,2.01.01.02,Obrigações Trabalhistas,334505.0
2025-09-30,T3,2.01.02,Fornecedores,1289374.0
2025-09-30,T3,2.01.02.01,Fornecedores Nacionais,774899.0
2025-09-30,T3,2.01.02.02,Fornecedores Estrangeiros,514475.0
2025-09-30,T3,2.01.03,Obrigações Fiscais,105192.0
2025-09-30,T3,2.01.03.01,Obrigações Fiscais Federais,96364.0
2025-09-30,T3,2.01.03.01.01,Imposto de Renda e Contribuição Social a Pagar,41924.0
2025-09-30,T3,2.01.03.01.02,Demais Tributos Federais a Pagar,54440.0
2025-09-30,T3,2.01.03.02,Obrigações Fiscais Estaduais,8481.0
2025-09-30,T3,2.01.03.03,Obrigações Fiscais Municipais,347.0
2025-09-30,T3,2.01.04,Empréstimos e Financiamentos,127036.0
2025-09-30,T3,2.01.04.01,Empréstimos e Financiamentos,79423.0
2025-09-30,T3,2.01.04.01.01,Em Moeda Nacional,22941.0
2025-09-30,T3,2.01.04.01.02,Em Moeda Estrangeira,56482.0
2025-09-30,T3,2.01.04.02,Debêntures,47613.0
2025-09-30,T3,2.01.04.03,Financiamento por Arrendamento,0.0
2025-09-30,T3,2.01.05,Outras Obrigações,525320.0
2025-09-30,T3,2.01.05.01,Passivos com Partes Relacionadas,0.0
2025-09-30,T3,2.01.05.01.01,Débitos com Coligadas,0.0
2025-09-30,T3,2.01.05.01.03,Débitos com Controladores,0.0
2025-09-30,T3,2.01.05.01.04,Débitos com Outras Partes Relacionadas,0.0
2025-09-30,T3,2.01.05.02,Outros,525320.0
2025-09-30,T3,2.01.05.02.01,Dividendos e JCP a Pagar,0.0
2025-09-30,T3,2.01.05.02.02,Dividendo Mínimo Obrigatório a Pagar,335.0
2025-09-30,T3,2.01.05.02.03,Obrigações por Pagamentos Baseados em Ações,0.0
2025-09-30,T3,2.01.05.02.04,Financiamentos de Impostos e Encargos Sociais,0.0
2025-09-30,T3,2.01.05.02.05,Adiantamentos de Clientes,333046.0
2025-09-30,T3,2.01.05.02.06,Títulos a Pagar e Outros,179198.0
2025-09-30,T3,2.01.05.02.07,Instrumentos Financeiros Derivativos,203.0
2025-09-30,T3,2.01.05.02.08,Obrigações de Combinação de Negócios,12538.0
2025-09-30,T3,2.01.06,Provisões,64902.0
2025-09-30,T3,2.01.06.01,Provisões Fiscais Previdenciárias Trabalhistas e Cíveis,64902.0
2025-09-30,T3,2.01.06.01.01,Provisões Fiscais,0.0
2025-09-30,T3,2.01.06.01.02,Provisões Previdenciárias e Trabalhistas,64902.0
2025-09-30,T3,2.01.06.01.03,Provisões para Benefícios a Empregados,0.0
2025-09-30,T3,2.01.06.01.04,Provisões Cíveis,0.0
2025-09-30,T3,2.01.06.02,Outras Provisões,0.0
2025-09-30,T3,2.01.06.02.01,Provisões para Garantias,0.0
2025-09-30,T3,2.01.06.02.02,Provisões para Reestruturação,0.0
2025-09-30,T3,2.01.06.02.03,Provisões para Passivos Ambientais e de Desativação,0.0
2025-09-30,T3,2.01.07,Passivos sobre Ativos Não-Correntes a Venda e Descontinuados,0.0
2025-09-30,T3,2.01.07.01,Passivos sobre Ativos Não-Correntes a Venda,0.0
2025-09-30,T3,2.01.07.02,Passivos sobre Ativos de Operações Descontinuadas,0.0
2025-09-30,T3,2.02,Passivo Não Circulante,4287219.0
2025-09-30,T3,2.02.01,Empréstimos e Financiamentos,3812511.0
2025-09-30,T3,2.02.01.01,Empréstimos e Financiamentos,2318833.0
2025-09-30,T3,2.02.01.01.01,Em Moeda Nacional,88192.0
2025-09-30,T3,2.02.01.01.02,Em Moeda Estrangeira,2230641.0
2025-09-30,T3,2.02.01.02,Debêntures,1493678.0
2025-09-30,T3,2.02.01.03,Financiamento por Arrendamento,0.0
2025-09-30,T3,2.02.02,Outras Obrigações,144559.0
2025-09-30,T3,2.02.02.01,Passivos com Partes Relacionadas,0.0
2025-09-30,T3,2.02.02.01.01,Débitos com Coligadas,0.0
2025-09-30,T3,2.02.02.01.03,Débitos com Controladores,0.0
2025-09-30,T3,2.02.02.01.04,Débitos com Outras Partes Relacionadas,0.0
2025-09-30,T3,2.02.02.02,Outros,144559.0
2025-09-30,T3,2.02.02.02.01,Obrigações por Pagamentos Baseados em Ações,0.0
2025-09-30,T3,2.02.02.02.02,Adiantamento para Futuro Aumento de Capital,0.0
2025-09-30,T3,2.02.02.02.03,Financiamentos de Impostos e Encargos Sociais,0.0
2025-09-30,T3,2.02.02.02.04,Outros passivos de Longo Prazo,35911.0
2025-09-30,T3,2.02.02.02.05,Obrigações de Benefícios de Aposentadoria,107668.0
2025-09-30,T3,2.02.02.02.06,Instrumentos Financeiros Derivativos,0.0
2025-09-30,T3,2.02.02.02.07,Obrigações de Combinação de Negócios,980.0
2025-09-30,T3,2.02.03,Tributos Diferidos,0.0
2025-09-30,T3,2.02.03.01,Imposto de Renda e Contribuição Social Diferidos,0.0
2025-09-30,T3,2.02.04,Provisões,330149.0
2025-09-30,T3,2.02.04.01,Provisões Fiscais Previdenciárias Trabalhistas e Cíveis,330149.0
2025-09-30,T3,2.02.04.01.01,Provisões Fiscais,229852.0
2025-09-30,T3,2.02.04.01.02,Provisões Previdenciárias e Trabalhistas,12013.0
2025-09-30,T3,2.02.04.01.03,Provisões para Benefícios a Empregados,0.0
2025-09-30,T3,2.02.04.01.04,Provisões Cíveis,88284.0
2025-09-30,T3,2.02.04.02,Outras Provisões,0.0
2025-09-30,T3,2.02.04.02.01,Provisões para Garantias,0.0
2025-09-30,T3,2.02.04.02.02,Provisões para Reestruturação,0.0
2025-09-30,T3,2.02.04.02.03,Provisões para Passivos Ambientais e de Desativação,0.0
2025-09-30,T3,2.02.05,Passivos sobre Ativos Não-Correntes a Venda e Descontinuados,0.0
2025-09-30,T3,2.02.05.01,Passivos sobre Ativos Não-Correntes a Venda,0.0
2025-09-30,T3,2.02.05.02,Passivos sobre Ativos de Operações Descontinuadas,0.0
2025-09-30,T3,2.02.06,Lucros e Receitas a Apropriar,0.0
2025-09-30,T3,2.02.06.01,Lucros a Apropriar,0.0
2025-09-30,T3,2.02.06.02,Receitas a Apropriar,0.0
2025-09-30,T3,2.02.06.03,Subvenções de Investimento a Apropriar,0.0
2025-09-30,T3,2.03,Patrimônio Líquido Consolidado,3090865.0
2025-09-30,T3,2.03.01,Capital Social Realizado,1427111.0
2025-09-30,T3,2.03.02,Reservas de Capital,12473.0
2025-09-30,T3,2.03.02.01,Ágio na Emissão de Ações,0.0
2025-09-30,T3,2.03.02.02,Reserva Especial de Ágio na Incorporação,0.0
2025-09-30,T3,2.03.02.03,Alienação de Bônus de Subscrição,0.0
2025-09-30,T3,2.03.02.04,Opções Outorgadas,12473.0
2025-09-30,T3,2.03.02.05,Ações em Tesouraria,0.0
2025-09-30,T3,2.03.02.06,Adiantamento para Futuro Aumento de Capital,0.0
2025-09-30,T3,2.03.03,Reservas de Reavaliação,0.0
2025-09-30,T3,2.03.04,Reservas de Lucros,781126.0
2025-09-30,T3,2.03.04.01,Reserva Legal,160762.0
2025-09-30,T3,2.03.04.02,Reserva Estatutária,651059.0
2025-09-30,T3,2.03.04.03,Reserva para Contingências,0.0
2025-09-30,T3,2.03.04.04,Reserva de Lucros a Realizar,0.0
2025-09-30,T3,2.03.04.05,Reserva de Retenção de Lucros,0.0
2025-09-30,T3,2.03.04.06,Reserva Especial para Dividendos Não Distribuídos,0.0
2025-09-30,T3,2.03.04.07,Reserva de Incentivos Fiscais,0.0
2025-09-30,T3,2.03.04.08,Dividendo Adicional Proposto,0.0
2025-09-30,T3,2.03.04.09,Ações em Tesouraria,-30695.0
2025-09-30,T3,2.03.05,Lucros/Prejuízos Acumulados,-28450.0
2025-09-30,T3,2.03.06,Ajustes de Avaliação Patrimonial,889389.0
2025-09-30,T3,2.03.07,Ajustes Acumulados de Conversão,0.0
2025-09-30,T3,2.03.08,Outros Resultados Abrangentes,0.0
2025-09-30,T3,2.03.09,Participação dos Acionistas Não Controladores,9216.0
