data_fim,trimestre,cd_conta,ds_conta,valor_mil
2015-12-31,T4,6.01,Caixa Líquido Atividades Operacionais,490825.0
2015-12-31,T4,6.01.01,Caixa Gerado nas Operações,747407.0
2015-12-31,T4,6.01.01.01,Lucro Líquido do Exercício antes do IR e CSLL,336804.0
2015-12-31,T4,6.01.01.02,Depreciação e Amortização,275980.0
2015-12-31,T4,6.01.01.03,Amortização de Intangível,0.0
2015-12-31,T4,6.01.01.04,Baixa de Bens do Imobilizado,-3357.0
2015-12-31,T4,6.01.01.05,Imposto de Renda e Contribuição Social Diferidos,0.0
2015-12-31,T4,6.01.01.06,Juros Apropriados e Variação Cambiais,95524.0
2015-12-31,T4,6.01.01.07,Provisão p/Créditos de Liquidação Duvidosa,1065.0
2015-12-31,T4,6.01.01.08,Provisão p/Perda nos Estoques,6826.0
2015-12-31,T4,6.01.01.09,"Provisões Tributárias, Cíveis, Previdenciárias e Trabalhistas",26115.0
2015-12-31,T4,6.01.01.10,Remuneração Baseada em Ações,2549.0
2015-12-31,T4,6.01.01.11,Provisão de Parte do Crédito Prêmio IPI,8887.0
2015-12-31,T4,6.01.01.12,Provisão de Parte do Crédito Eletrobrás,-2986.0
2015-12-31,T4,6.01.01.13,Impactos da Adesão ao Refis,0.0
2015-12-31,T4,6.01.02,Variações nos Ativos e Passivos,-256582.0
2015-12-31,T4,6.01.02.01,Clientes,-6054.0
2015-12-31,T4,6.01.02.02,Estoques,24314.0
2015-12-31,T4,6.01.02.03,Ferramentais de Clientes,-5909.0
2015-12-31,T4,6.01.02.04,Imposto de Renda e Contribuição Social a Recuperar,0.0
2015-12-31,T4,6.01.02.05,Demais Tributos a Recuperar,-77084.0
2015-12-31,T4,6.01.02.06,Títulos a Receber e Outros,6831.0
2015-12-31,T4,6.01.02.07,Depósitos Judiciais e Outros,-5288.0
2015-12-31,T4,6.01.02.08,Fornecedores,3189.0
2015-12-31,T4,6.01.02.09,Demais Tributos a Pagar,-20900.0
2015-12-31,T4,6.01.02.10,"Salários, Encargos Sociais e Participações",-3727.0
2015-12-31,T4,6.01.02.11,Adiantamento de Clientes,13972.0
2015-12-31,T4,6.01.02.12,Títulos a Pagar e Outros,9853.0
2015-12-31,T4,6.01.02.13,Outros Passivos de Longo Prazo,-25786.0
2015-12-31,T4,6.01.02.14,Juros Pagos,-139530.0
2015-12-31,T4,6.01.02.15,Imposto de Renda e Contribuição Social Pagos,-51977.0
2015-12-31,T4,6.01.02.16,Obrigações de Benefícios de Aposentadoria,21514.0
2015-12-31,T4,6.01.03,Outros,0.0
2015-12-31,T4,6.02,Caixa Líquido Atividades de Investimento,-158542.0
2015-12-31,T4,6.02.01,Adições aos Investimentos,0.0
2015-12-31,T4,6.02.02,Adições ao Imobilizado,-162531.0
2015-12-31,T4,6.02.03,Venda de Outros Investimentos,0.0
2015-12-31,T4,6.02.04,Venda de Bens do Imobilizado,3989.0
2015-12-31,T4,6.02.05,Aquisição das Empresas do México - Líquido de Caixa Adquirido,0.0
2015-12-31,T4,6.02.06,Aumento de Capital das Empresas do México,0.0
2015-12-31,T4,6.03,Caixa Líquido Atividades de Financiamento,-338216.0
2015-12-31,T4,6.03.01,Pagamento de Financiamentos e Empréstimos,-547398.0
2015-12-31,T4,6.03.02,Pagamento de Debêntures,0.0
2015-12-31,T4,6.03.03,Amortização de Financiamento de Impostos,0.0
2015-12-31,T4,6.03.04,Novos Financiamentos e Empréstimos,316173.0
2015-12-31,T4,6.03.05,Realização de Parte dos Créditos Eletrobrás,0.0
2015-12-31,T4,6.03.06,Juros s/Capital Próprio e Dividendos Pagos,-106991.0
2015-12-31,T4,6.03.07,Aplicação Financeira de Longo Prazo,0.0
2015-12-31,T4,6.03.08,Aumento de Capital,0.0
2015-12-31,T4,6.04,Variação Cambial s/ Caixa e Equivalentes,193639.0
2015-12-31,T4,6.05,Aumento (Redução) de Caixa e Equivalentes,187706.0
2015-12-31,T4,6.05.01,Saldo Inicial de Caixa e Equivalentes,1336916.0
2015-12-31,T4,6.05.02,Saldo Final de Caixa e Equivalentes,1524622.0
2016-12-31,T4,6.01,Caixa Líquido Atividades Operacionais,280299.0
2016-12-31,T4,6.01.01,Caixa Gerado nas Operações,558338.0
2016-12-31,T4,6.01.01.01,Lucro Líquido do Exercício antes do IR e CSLL,-236996.0
2016-12-31,T4,6.01.01.02,Depreciação e Amortização,523791.0
2016-12-31,T4,6.01.01.03,Amortização de Intangível,0.0
2016-12-31,T4,6.01.01.04,Baixa de Bens do Imobilizado,19143.0
2016-12-31,T4,6.01.01.05,Imposto de Renda e Contribuição Social Diferidos,0.0
2016-12-31,T4,6.01.01.06,Juros Apropriados e Variação Cambiais,152572.0
2016-12-31,T4,6.01.01.07,Provisão p/Créditos de Liquidação Duvidosa,174.0
2016-12-31,T4,6.01.01.08,Provisão p/Perda nos Estoques,4.0
2016-12-31,T4,6.01.01.09,"Provisões Tributárias, Cíveis, Previdenciárias e Trabalhistas",72969.0
2016-12-31,T4,6.01.01.10,Remuneração Baseada em Ações,3835.0
2016-12-31,T4,6.01.01.11,Provisão de Parte do Crédito Prêmio IPI,23828.0
2016-12-31,T4,6.01.01.12,Provisão de Parte do Crédito Eletrobrás,-982.0
2016-12-31,T4,6.01.01.13,Impactos da Adesão ao Refis,0.0
2016-12-31,T4,6.01.02,Variações nos Ativos e Passivos,-278039.0
2016-12-31,T4,6.01.02.01,Clientes,59384.0
2016-12-31,T4,6.01.02.02,Estoques,-37305.0
2016-12-31,T4,6.01.02.03,Ferramentais de Clientes,-1737.0
2016-12-31,T4,6.01.02.04,Imposto de Renda e Contribuição Social a Recuperar,0.0
2016-12-31,T4,6.01.02.05,Demais Tributos a Recuperar,-64612.0
2016-12-31,T4,6.01.02.06,Títulos a Receber e Outros,-4385.0
2016-12-31,T4,6.01.02.07,Depósitos Judiciais e Outros,-2309.0
2016-12-31,T4,6.01.02.08,Fornecedores,61159.0
2016-12-31,T4,6.01.02.09,Demais Tributos a Pagar,-12651.0
2016-12-31,T4,6.01.02.10,"Salários, Encargos Sociais e Participações",-7654.0
2016-12-31,T4,6.01.02.11,Adiantamento de Clientes,-8079.0
2016-12-31,T4,6.01.02.12,Títulos a Pagar e Outros,25584.0
2016-12-31,T4,6.01.02.13,Outros Passivos de Longo Prazo,-17885.0
2016-12-31,T4,6.01.02.14,Juros Pagos,-150412.0
2016-12-31,T4,6.01.02.15,Imposto de Renda e Contribuição Social Pagos,-102415.0
2016-12-31,T4,6.01.02.16,Obrigações de Benefícios de Aposentadoria,-14722.0
2016-12-31,T4,6.01.03,Outros,0.0
2016-12-31,T4,6.02,Caixa Líquido Atividades de Investimento,-124582.0
2016-12-31,T4,6.02.01,Adições aos Investimentos,0.0
2016-12-31,T4,6.02.02,Adições ao Imobilizado,-127839.0
2016-12-31,T4,6.02.03,Venda de Outros Investimentos,0.0
2016-12-31,T4,6.02.04,Venda de Bens do Imobilizado,3257.0
2016-12-31,T4,6.02.05,Aquisição das Empresas do México - Líquido de Caixa Adquirido,0.0
2016-12-31,T4,6.02.06,Aumento de Capital das Empresas do México,0.0
2016-12-31,T4,6.03,Caixa Líquido Atividades de Financiamento,-394271.0
2016-12-31,T4,6.03.01,Pagamento de Financiamentos e Empréstimos,-411636.0
2016-12-31,T4,6.03.02,Pagamento de Debêntures,0.0
2016-12-31,T4,6.03.03,Amortização de Financiamento de Impostos,0.0
2016-12-31,T4,6.03.04,Novos Financiamentos e Empréstimos,89828.0
2016-12-31,T4,6.03.05,Realização de Parte dos Créditos Eletrobrás,0.0
2016-12-31,T4,6.03.06,Juros s/Capital Próprio e Dividendos Pagos,-84467.0
2016-12-31,T4,6.03.07,Aplicação Financeira de Longo Prazo,12004.0
2016-12-31,T4,6.03.08,Aumento de Capital,0.0
2016-12-31,T4,6.04,Variação Cambial s/ Caixa e Equivalentes,-82128.0
2016-12-31,T4,6.05,Aumento (Redução) de Caixa e Equivalentes,-320682.0
2016-12-31,T4,6.05.01,Saldo Inicial de Caixa e Equivalentes,1524622.0
2016-12-31,T4,6.05.02,Saldo Final de Caixa e Equivalentes,1203940.0
2017-12-31,T4,6.01,Caixa Líquido Atividades Operacionais,268670.0
2017-12-31,T4,6.01.01,Caixa Gerado nas Operações,605922.0
2017-12-31,T4,6.01.01.01,Lucro Líquido do Exercício antes do IR e CSLL,133937.0
2017-12-31,T4,6.01.01.02,Depreciação e Amortização,257261.0
2017-12-31,T4,6.01.01.03,Amortização de Intangível,0.0
2017-12-31,T4,6.01.01.04,Baixa de Bens do Imobilizado,7886.0
2017-12-31,T4,6.01.01.05,Imposto de Renda e Contribuição Social Diferidos,0.0
2017-12-31,T4,6.01.01.06,Juros Apropriados e Variação Cambiais,141413.0
2017-12-31,T4,6.01.01.07,Provisão p/Créditos de Liquidação Duvidosa,1605.0
2017-12-31,T4,6.01.01.08,Provisão p/Perda nos Estoques,8958.0
2017-12-31,T4,6.01.01.09,"Provisões Tributárias, Cíveis, Previdenciárias e Trabalhistas",49204.0
2017-12-31,T4,6.01.01.10,Remuneração Baseada em Ações,2764.0
2017-12-31,T4,6.01.01.11,Provisão de parte do Crédito Prêmio IPI,2691.0
2017-12-31,T4,6.01.01.12,Provisão de parte do Crédito Eletrobrás,203.0
2017-12-31,T4,6.01.01.13,Impactos da Adesão ao Refis,0.0
2017-12-31,T4,6.01.02,Variações nos Ativos e Passivos,-337252.0
2017-12-31,T4,6.01.02.01,Clientes,-104159.0
2017-12-31,T4,6.01.02.02,Estoques,-17279.0
2017-12-31,T4,6.01.02.03,Ferramentais de Clientes,38009.0
2017-12-31,T4,6.01.02.04,Imposto de Renda e Contribuição Social a Recuperar,0.0
2017-12-31,T4,6.01.02.05,Demais Tributos a Recuperar,-70318.0
2017-12-31,T4,6.01.02.06,Títulos a Receber e Outros,-12103.0
2017-12-31,T4,6.01.02.07,Depósitos Judiciais e Outros,-3723.0
2017-12-31,T4,6.01.02.08,Fornecedores,145736.0
2017-12-31,T4,6.01.02.09,Demais Tributos a Pagar,5593.0
2017-12-31,T4,6.01.02.10,"Salários, Encargos Sociais e Participações",27088.0
2017-12-31,T4,6.01.02.11,Adiantamento de Clientes,-46072.0
2017-12-31,T4,6.01.02.12,Títulos a Pagar e Outros,-37649.0
2017-12-31,T4,6.01.02.13,Outros Passivos de Longo Prazo,-39034.0
2017-12-31,T4,6.01.02.14,Juros Pagos,-131414.0
2017-12-31,T4,6.01.02.15,Imposto de Renda e Contribuição Social Pagos,-97336.0
2017-12-31,T4,6.01.02.16,Obrigações de Benefícios de Aposentadoria,5409.0
2017-12-31,T4,6.01.03,Outros,0.0
2017-12-31,T4,6.02,Caixa Líquido Atividades de Investimento,-119193.0
2017-12-31,T4,6.02.01,Adições aos Investimentos,0.0
2017-12-31,T4,6.02.02,Adições ao Imobilizado,-122908.0
2017-12-31,T4,6.02.03,Venda de Outros Investimentos,0.0
2017-12-31,T4,6.02.04,Venda de Bens do Imobilizado,4792.0
2017-12-31,T4,6.02.05,Aquisição das Empresas do México - Líquido de Caixa Adquirido,0.0
2017-12-31,T4,6.02.06,Aumento de Capital das Empresas do México,0.0
2017-12-31,T4,6.02.07,Aplicações Financeiras,-1077.0
2017-12-31,T4,6.03,Caixa Líquido Atividades de Financiamento,-448591.0
2017-12-31,T4,6.03.01,Pagamento de Financiamentos e Empréstimos,-282618.0
2017-12-31,T4,6.03.02,Pagamento de Debêntures,0.0
2017-12-31,T4,6.03.03,Amortização de Financiamento de Impostos,0.0
2017-12-31,T4,6.03.04,Novos Financiamentos e Empréstimos,0.0
2017-12-31,T4,6.03.05,Realização de Parte dos Créditos Eletrobrás,0.0
2017-12-31,T4,6.03.06,Juros s/Capital Próprio e Dividendos Pagos,-165973.0
2017-12-31,T4,6.03.07,Aplicação Financeira de Longo Prazo,0.0
2017-12-31,T4,6.03.08,Aumento de Capital,0.0
2017-12-31,T4,6.04,Variação Cambial s/ Caixa e Equivalentes,-31157.0
2017-12-31,T4,6.05,Aumento (Redução) de Caixa e Equivalentes,-330271.0
2017-12-31,T4,6.05.01,Saldo Inicial de Caixa e Equivalentes,1203940.0
2017-12-31,T4,6.05.02,Saldo Final de Caixa e Equivalentes,873669.0
2018-12-31,T4,6.01,Caixa Líquido Atividades Operacionais,577392.0
2018-12-31,T4,6.01.01,Caixa Gerado nas Operações,702794.0
2018-12-31,T4,6.01.01.01,Lucro Líquido do Exercício antes do IR e CSLL,357268.0
2018-12-31,T4,6.01.01.02,Depreciação e Amortização,279377.0
2018-12-31,T4,6.01.01.03,Amortização de Intangível,0.0
2018-12-31,T4,6.01.01.04,Baixa de Bens do Imobilizado,28985.0
2018-12-31,T4,6.01.01.05,Imposto de Renda e Contribuição Social Diferidos,0.0
2018-12-31,T4,6.01.01.06,Juros Apropriados e Variação Cambiais,83639.0
2018-12-31,T4,6.01.01.07,Provisão p/Créditos de Liquidação Duvidosa,-624.0
2018-12-31,T4,6.01.01.08,Provisão p/Perda nos Estoques,-3478.0
2018-12-31,T4,6.01.01.09,"Provisões Tributárias, Cíveis, Previdenciárias e Trabalhistas",54648.0
2018-12-31,T4,6.01.01.10,Remuneração Baseada em Ações,2073.0
2018-12-31,T4,6.01.01.11,Provisão de parte do Crédito Prêmio IPI,3688.0
2018-12-31,T4,6.01.01.12,Provisão de parte do Crédito Eletrobrás,-69151.0
2018-12-31,T4,6.01.01.13,Impactos da Adesão ao Refis,0.0
2018-12-31,T4,6.01.01.14,Constituição (reversão) impairment,-33631.0
2018-12-31,T4,6.01.02,Variações nos Ativos e Passivos,-125402.0
2018-12-31,T4,6.01.02.01,Clientes,-22424.0
2018-12-31,T4,6.01.02.02,Estoques,-72954.0
2018-12-31,T4,6.01.02.03,Ferramentais de Clientes,-39929.0
2018-12-31,T4,6.01.02.04,Imposto de Renda e Contribuição Social a Recuperar,0.0
2018-12-31,T4,6.01.02.05,Demais Tributos a Recuperar,21162.0
2018-12-31,T4,6.01.02.06,Títulos a Receber e Outros,-7902.0
2018-12-31,T4,6.01.02.07,Depósitos Judiciais e Outros,10063.0
2018-12-31,T4,6.01.02.08,Fornecedores,66378.0
2018-12-31,T4,6.01.02.09,Demais Tributos a Pagar,1207.0
2018-12-31,T4,6.01.02.10,"Salários, Encargos Sociais e Participações",19937.0
2018-12-31,T4,6.01.02.11,Adiantamento de Clientes,87495.0
2018-12-31,T4,6.01.02.12,Títulos a Pagar e Outros,7391.0
2018-12-31,T4,6.01.02.13,Outros Passivos de Longo Prazo,-42786.0
2018-12-31,T4,6.01.02.14,Juros Pagos,-96439.0
2018-12-31,T4,6.01.02.15,Imposto de Renda e Contribuição Social Pagos,-68365.0
2018-12-31,T4,6.01.02.16,Obrigações de Benefícios de Aposentadoria,11764.0
2018-12-31,T4,6.01.03,Outros,0.0
2018-12-31,T4,6.02,Caixa Líquido Atividades de Investimento,-166588.0
2018-12-31,T4,6.02.01,Adições aos Investimentos,0.0
2018-12-31,T4,6.02.02,Adições ao Imobilizado,-168560.0
2018-12-31,T4,6.02.03,Venda de Outros Investimentos,0.0
2018-12-31,T4,6.02.04,Venda de Bens do Imobilizado,895.0
2018-12-31,T4,6.02.05,Aquisição das Empresas do México - Líquido de Caixa Adquirido,0.0
2018-12-31,T4,6.02.06,Aumento de Capital das Empresas do México,0.0
2018-12-31,T4,6.02.07,Aplicações Financeiras,1077.0
2018-12-31,T4,6.03,Caixa Líquido Atividades de Financiamento,-591388.0
2018-12-31,T4,6.03.01,Pagamento de Financiamentos e Empréstimos,-414627.0
2018-12-31,T4,6.03.02,Pagamento de Debêntures,0.0
2018-12-31,T4,6.03.03,Amortização de Financiamento de Impostos,0.0
2018-12-31,T4,6.03.04,Novos Financiamentos e Empréstimos,0.0
2018-12-31,T4,6.03.05,Realização de Parte dos Créditos Eletrobrás,0.0
2018-12-31,T4,6.03.06,Juros s/Capital Próprio e Dividendos Pagos,-174952.0
2018-12-31,T4,6.03.07,Aplicação Financeira de Longo Prazo,0.0
2018-12-31,T4,6.03.08,Aumento de Capital,0.0
2018-12-31,T4,6.03.09,Controladas e Coligadas,0.0
2018-12-31,T4,6.03.10,Ações em tesouraria,-1809.0
2018-12-31,T4,6.04,Variação Cambial s/ Caixa e Equivalentes,28949.0
2018-12-31,T4,6.05,Aumento (Redução) de Caixa e Equivalentes,-151635.0
2018-12-31,T4,6.05.01,Saldo Inicial de Caixa e Equivalentes,865368.0
2018-12-31,T4,6.05.02,Saldo Final de Caixa e Equivalentes,713733.0
2019-12-31,T4,6.01,Caixa Líquido Atividades Operacionais,566656.0
2019-12-31,T4,6.01.01,Caixa Gerado nas Operações,796744.0
2019-12-31,T4,6.01.01.01,Lucro Líquido do Exercício antes do IR e CSLL,338570.0
2019-12-31,T4,6.01.01.02,Depreciação e Amortização,326051.0
2019-12-31,T4,6.01.01.03,Amortização de Intangível,0.0
2019-12-31,T4,6.01.01.04,Baixa de Bens do Imobilizado,2880.0
2019-12-31,T4,6.01.01.05,Imposto de Renda e Contribuição Social Diferidos,0.0
2019-12-31,T4,6.01.01.06,Juros Apropriados e Variação Cambiais,81645.0
2019-12-31,T4,6.01.01.07,Provisão p/Créditos de Liquidação Duvidosa,-333.0
2019-12-31,T4,6.01.01.08,Provisão p/Perda nos Estoques,-5781.0
2019-12-31,T4,6.01.01.09,"Provisões Tributárias, Cíveis, Previdenciárias e Trabalhistas",60116.0
2019-12-31,T4,6.01.01.10,Remuneração Baseada em Ações,1477.0
2019-12-31,T4,6.01.01.11,Provisão de parte do Crédito Prêmio IPI,0.0
2019-12-31,T4,6.01.01.12,Provisão de parte do Crédito Eletrobrás,-54285.0
2019-12-31,T4,6.01.01.13,Impactos da Adesão ao Refis,0.0
2019-12-31,T4,6.01.01.14,Constituição (reversão) impairment,46404.0
2019-12-31,T4,6.01.02,Variações nos Ativos e Passivos,-230088.0
2019-12-31,T4,6.01.02.01,Clientes,27854.0
2019-12-31,T4,6.01.02.02,Estoques,-117182.0
2019-12-31,T4,6.01.02.03,Ferramentais de Clientes,26504.0
2019-12-31,T4,6.01.02.04,Imposto de Renda e Contribuição Social a Recuperar,0.0
2019-12-31,T4,6.01.02.05,Demais Tributos a Recuperar,-14038.0
2019-12-31,T4,6.01.02.06,Títulos a Receber e Outros,-7239.0
2019-12-31,T4,6.01.02.07,Depósitos Judiciais e Outros,-1090.0
2019-12-31,T4,6.01.02.08,Fornecedores,-6350.0
2019-12-31,T4,6.01.02.09,Demais Tributos a Pagar,22035.0
2019-12-31,T4,6.01.02.10,"Salários, Encargos Sociais e Participações",2342.0
2019-12-31,T4,6.01.02.11,Adiantamento de Clientes,-43757.0
2019-12-31,T4,6.01.02.12,Títulos a Pagar e Outros,-7319.0
2019-12-31,T4,6.01.02.13,Outros Passivos de Longo Prazo,-43492.0
2019-12-31,T4,6.01.02.14,Juros Pagos,-92019.0
2019-12-31,T4,6.01.02.15,Imposto de Renda e Contribuição Social Pagos,-62012.0
2019-12-31,T4,6.01.02.16,Obrigações de Benefícios de Aposentadoria,13205.0
2019-12-31,T4,6.01.02.17,Eletrobrás,72470.0
2019-12-31,T4,6.01.03,Outros,0.0
2019-12-31,T4,6.02,Caixa Líquido Atividades de Investimento,-268547.0
2019-12-31,T4,6.02.01,Adições aos Investimentos,0.0
2019-12-31,T4,6.02.02,Adições ao Imobilizado,-273706.0
2019-12-31,T4,6.02.03,Venda de Outros Investimentos,0.0
2019-12-31,T4,6.02.04,Venda de Bens do Imobilizado,159.0
2019-12-31,T4,6.02.05,Adiantamentos sobre venda de propriedades para investimento,5000.0
2019-12-31,T4,6.02.06,Aumento de Capital das Empresas do México,0.0
2019-12-31,T4,6.02.07,Aplicações Financeiras,0.0
2019-12-31,T4,6.03,Caixa Líquido Atividades de Financiamento,-179609.0
2019-12-31,T4,6.03.01,Pagamento de Financiamentos e Empréstimos,-4739.0
2019-12-31,T4,6.03.02,Pagamento de Debêntures,0.0
2019-12-31,T4,6.03.03,Amortização de Financiamento de Impostos,0.0
2019-12-31,T4,6.03.04,Novos Financiamentos e Empréstimos,0.0
2019-12-31,T4,6.03.05,Realização de Parte dos Créditos Eletrobrás,0.0
2019-12-31,T4,6.03.06,Juros s/Capital Próprio e Dividendos Pagos,-162433.0
2019-12-31,T4,6.03.07,Aplicação Financeira de Longo Prazo,0.0
2019-12-31,T4,6.03.08,Aumento de Capital,0.0
2019-12-31,T4,6.03.09,Controladas e Coligadas,0.0
2019-12-31,T4,6.03.10,Ações em tesouraria,0.0
2019-12-31,T4,6.03.11,Pagamento de Arrendamentos s/ Direito Uso Ativos,-12437.0
2019-12-31,T4,6.04,Variação Cambial s/ Caixa e Equivalentes,7797.0
2019-12-31,T4,6.05,Aumento (Redução) de Caixa e Equivalentes,126297.0
2019-12-31,T4,6.05.01,Saldo Inicial de Caixa e Equivalentes,713733.0
2019-12-31,T4,6.05.02,Saldo Final de Caixa e Equivalentes,840030.0
2020-12-31,T4,6.01,Caixa Líquido Atividades Operacionais,291659.0
2020-12-31,T4,6.01.01,Caixa Gerado nas Operações,536241.0
2020-12-31,T4,6.01.01.01,Lucro Líquido do Exercício antes do IR e CSLL,-124126.0
2020-12-31,T4,6.01.01.02,Depreciação e Amortização,350140.0
2020-12-31,T4,6.01.01.03,Amortização de Intangível,0.0
2020-12-31,T4,6.01.01.04,Baixa de Bens do Imobilizado,8688.0
2020-12-31,T4,6.01.01.05,Imposto de Renda e Contribuição Social Diferidos,0.0
2020-12-31,T4,6.01.01.06,Juros Apropriados e Variação Cambiais,142021.0
2020-12-31,T4,6.01.01.07,Provisão p/Créditos de Liquidação Duvidosa,7816.0
2020-12-31,T4,6.01.01.08,Provisão p/Perda nos Estoques,21394.0
2020-12-31,T4,6.01.01.09,"Provisões Tributárias, Cíveis, Previdenciárias e Trabalhistas",38067.0
2020-12-31,T4,6.01.01.10,Remuneração Baseada em Ações,2105.0
2020-12-31,T4,6.01.01.11,Provisão de parte do Crédito Prêmio IPI,0.0
2020-12-31,T4,6.01.01.12,Provisão de parte do Crédito Eletrobrás,70782.0
2020-12-31,T4,6.01.01.13,Impactos da Adesão ao Refis,0.0
2020-12-31,T4,6.01.01.14,Constituição (reversão) impairment,19354.0
2020-12-31,T4,6.01.02,Variações nos Ativos e Passivos,-244582.0
2020-12-31,T4,6.01.02.01,Clientes,69748.0
2020-12-31,T4,6.01.02.02,Estoques,-29952.0
2020-12-31,T4,6.01.02.03,Ferramentais de Clientes,-12597.0
2020-12-31,T4,6.01.02.04,Imposto de Renda e Contribuição Social a Recuperar,0.0
2020-12-31,T4,6.01.02.05,Demais Tributos a Recuperar,9227.0
2020-12-31,T4,6.01.02.06,Títulos a Receber e Outros,1656.0
2020-12-31,T4,6.01.02.07,Depósitos Judiciais e Outros,-6563.0
2020-12-31,T4,6.01.02.08,Fornecedores,-115360.0
2020-12-31,T4,6.01.02.09,Demais Tributos a Pagar,-22068.0
2020-12-31,T4,6.01.02.10,"Salários, Encargos Sociais e Participações",-19508.0
2020-12-31,T4,6.01.02.11,Adiantamento de Clientes,16175.0
2020-12-31,T4,6.01.02.12,Títulos a Pagar e Outros,36624.0
2020-12-31,T4,6.01.02.13,Outros Passivos de Longo Prazo,-29986.0
2020-12-31,T4,6.01.02.14,Juros Pagos,-121772.0
2020-12-31,T4,6.01.02.15,Imposto de Renda e Contribuição Social Pagos,-29801.0
2020-12-31,T4,6.01.02.16,Obrigações de Benefícios de Aposentadoria,9595.0
2020-12-31,T4,6.01.02.17,Eletrobrás,0.0
2020-12-31,T4,6.01.03,Outros,0.0
2020-12-31,T4,6.02,Caixa Líquido Atividades de Investimento,-122768.0
2020-12-31,T4,6.02.01,Adições aos Investimentos,0.0
2020-12-31,T4,6.02.02,Adições ao Imobilizado,-128993.0
2020-12-31,T4,6.02.03,Venda de Outros Investimentos,0.0
2020-12-31,T4,6.02.04,Venda de Bens do Imobilizado,1225.0
2020-12-31,T4,6.02.05,Adiantamentos sobre venda de propriedades para investimento,5000.0
2020-12-31,T4,6.02.06,Aumento de Capital das Empresas do México,0.0
2020-12-31,T4,6.02.07,Aplicações Financeiras,0.0
2020-12-31,T4,6.03,Caixa Líquido Atividades de Financiamento,289717.0
2020-12-31,T4,6.03.01,Pagamento de Financiamentos e Empréstimos,-184153.0
2020-12-31,T4,6.03.02,Pagamento de Debêntures,0.0
2020-12-31,T4,6.03.03,Amortização de Financiamento de Impostos,0.0
2020-12-31,T4,6.03.04,Novos Financiamentos e Empréstimos,494412.0
2020-12-31,T4,6.03.05,Realização de Parte dos Créditos Eletrobrás,0.0
2020-12-31,T4,6.03.06,Juros s/Capital Próprio e Dividendos Pagos,-56.0
2020-12-31,T4,6.03.07,Aplicação Financeira de Longo Prazo,0.0
2020-12-31,T4,6.03.08,Aumento de Capital,0.0
2020-12-31,T4,6.03.09,Controladas e Coligadas,0.0
2020-12-31,T4,6.03.10,Ações em tesouraria,-3168.0
2020-12-31,T4,6.03.11,Pagamento de Arrendamentos s/ Direito Uso Ativos,-17318.0
2020-12-31,T4,6.04,Variação Cambial s/ Caixa e Equivalentes,126475.0
2020-12-31,T4,6.05,Aumento (Redução) de Caixa e Equivalentes,585083.0
2020-12-31,T4,6.05.01,Saldo Inicial de Caixa e Equivalentes,840030.0
2020-12-31,T4,6.05.02,Saldo Final de Caixa e Equivalentes,1425113.0
2021-12-31,T4,6.01,Caixa Líquido Atividades Operacionais,324266.0
2021-12-31,T4,6.01.01,Caixa Gerado nas Operações,812217.0
2021-12-31,T4,6.01.01.01,Lucro Líquido do Exercício antes do IR e CSLL,288027.0
2021-12-31,T4,6.01.01.02,Depreciação e Amortização,367668.0
2021-12-31,T4,6.01.01.03,Amortização de Intangível,0.0
2021-12-31,T4,6.01.01.04,Baixa de Bens do Imobilizado,5535.0
2021-12-31,T4,6.01.01.05,Imposto de Renda e Contribuição Social Diferidos,0.0
2021-12-31,T4,6.01.01.06,Juros Apropriados e Variação Cambiais,154659.0
2021-12-31,T4,6.01.01.07,Provisão p/Créditos de Liquidação Duvidosa,-5834.0
2021-12-31,T4,6.01.01.08,Provisão p/Perda nos Estoques,21970.0
2021-12-31,T4,6.01.01.09,"Provisões Tributárias, Cíveis, Previdenciárias e Trabalhistas",33958.0
2021-12-31,T4,6.01.01.10,Remuneração Baseada em Ações,3809.0
2021-12-31,T4,6.01.01.11,Provisão de parte do Crédito Prêmio IPI,0.0
2021-12-31,T4,6.01.01.12,Provisão de parte do Crédito Eletrobrás,-8771.0
2021-12-31,T4,6.01.01.13,Impactos da Adesão ao Refis,0.0
2021-12-31,T4,6.01.01.14,Constituição (reversão) impairment,0.0
2021-12-31,T4,6.01.01.15,Compra vantajosa,-48804.0
2021-12-31,T4,6.01.02,Variações nos Ativos e Passivos,-487951.0
2021-12-31,T4,6.01.02.01,Clientes,-330272.0
2021-12-31,T4,6.01.02.02,Estoques,-480939.0
2021-12-31,T4,6.01.02.03,Ferramentais de Clientes,66370.0
2021-12-31,T4,6.01.02.04,Imposto de Renda e Contribuição Social a Recuperar,0.0
2021-12-31,T4,6.01.02.05,Demais Tributos a Recuperar,87612.0
2021-12-31,T4,6.01.02.06,Títulos a Receber e Outros,-24324.0
2021-12-31,T4,6.01.02.07,Depósitos Judiciais e Outros,35474.0
2021-12-31,T4,6.01.02.08,Fornecedores,304134.0
2021-12-31,T4,6.01.02.09,Demais Tributos a Pagar,-16338.0
2021-12-31,T4,6.01.02.10,"Salários, Encargos Sociais e Participações",63627.0
2021-12-31,T4,6.01.02.11,Adiantamento de Clientes,-84574.0
2021-12-31,T4,6.01.02.12,Títulos a Pagar e Outros,8264.0
2021-12-31,T4,6.01.02.13,Outros Passivos de Longo Prazo,-51057.0
2021-12-31,T4,6.01.02.14,Juros Pagos,-146311.0
2021-12-31,T4,6.01.02.15,Imposto de Renda e Contribuição Social Pagos,-12361.0
2021-12-31,T4,6.01.02.16,Obrigações de Benefícios de Aposentadoria,2274.0
2021-12-31,T4,6.01.02.17,Eletrobrás,90470.0
2021-12-31,T4,6.01.03,Outros,0.0
2021-12-31,T4,6.02,Caixa Líquido Atividades de Investimento,-171011.0
2021-12-31,T4,6.02.01,Adições aos Investimentos,0.0
2021-12-31,T4,6.02.02,Adições ao Imobilizado,-233096.0
2021-12-31,T4,6.02.03,Venda de Outros Investimentos,0.0
2021-12-31,T4,6.02.04,Venda de Bens do Imobilizado,2100.0
2021-12-31,T4,6.02.05,Adiantamentos sobre venda de propriedades para investimento,0.0
2021-12-31,T4,6.02.06,Aumento de Capital das Empresas do México,0.0
2021-12-31,T4,6.02.07,Aplicações Financeiras,0.0
2021-12-31,T4,6.02.08,Recebimento de caixa oriundo de aquisição de empresa,22306.0
2021-12-31,T4,6.02.09,Caixa e equivalente de caixa adquiridos em combinação de negócio,37679.0
2021-12-31,T4,6.03,Caixa Líquido Atividades de Financiamento,-383312.0
2021-12-31,T4,6.03.01,Pagamento de Financiamentos e Empréstimos,-2343289.0
2021-12-31,T4,6.03.02,Pagamento de Debêntures,0.0
2021-12-31,T4,6.03.03,Amortização de Financiamento de Impostos,0.0
2021-12-31,T4,6.03.04,Novos Financiamentos e Empréstimos,2018062.0
2021-12-31,T4,6.03.05,Realização de Parte dos Créditos Eletrobrás,0.0
2021-12-31,T4,6.03.06,Juros s/Capital Próprio e Dividendos Pagos,-40123.0
2021-12-31,T4,6.03.07,Aplicação Financeira de Longo Prazo,0.0
2021-12-31,T4,6.03.08,Aumento de Capital,0.0
2021-12-31,T4,6.03.09,Controladas e Coligadas,0.0
2021-12-31,T4,6.03.10,Ações em tesouraria,-5.0
2021-12-31,T4,6.03.11,Pagamento de Arrendamentos s/ Direito Uso Ativos,-16309.0
2021-12-31,T4,6.03.12,Operação risco sacado,-1648.0
2021-12-31,T4,6.04,Variação Cambial s/ Caixa e Equivalentes,77389.0
2021-12-31,T4,6.05,Aumento (Redução) de Caixa e Equivalentes,-152668.0
2021-12-31,T4,6.05.01,Saldo Inicial de Caixa e Equivalentes,1425113.0
2021-12-31,T4,6.05.02,Saldo Final de Caixa e Equivalentes,1272445.0
2022-12-31,T4,6.01,Caixa Líquido Atividades Operacionais,375047.0
2022-12-31,T4,6.01.01,Caixa Gerado nas Operações,1248815.0
2022-12-31,T4,6.01.01.01,Lucro Líquido do Exercício antes do IR e CSLL,643078.0
2022-12-31,T4,6.01.01.02,Depreciação e Amortização,348551.0
2022-12-31,T4,6.01.01.03,Amortização de Intangível,0.0
2022-12-31,T4,6.01.01.04,Baixa de Bens do Imobilizado,-1296.0
2022-12-31,T4,6.01.01.05,Imposto de Renda e Contribuição Social Diferidos,0.0
2022-12-31,T4,6.01.01.06,Juros Apropriados e Variação Cambiais,147525.0
2022-12-31,T4,6.01.01.07,Provisão p/Créditos de Liquidação Duvidosa,10862.0
2022-12-31,T4,6.01.01.08,Provisão p/Perda nos Estoques,-4685.0
2022-12-31,T4,6.01.01.09,"Provisões Tributárias, Cíveis, Previdenciárias e Trabalhistas",42825.0
2022-12-31,T4,6.01.01.10,Remuneração Baseada em Ações,5682.0
2022-12-31,T4,6.01.01.11,Provisão de parte do Crédito Prêmio IPI,0.0
2022-12-31,T4,6.01.01.12,Provisão de parte do Crédito Eletrobrás,-649.0
2022-12-31,T4,6.01.01.13,Impactos da Adesão ao Refis,0.0
2022-12-31,T4,6.01.01.14,Constituição (reversão) impairment,52744.0
2022-12-31,T4,6.01.01.15,Compra vantajosa,4178.0
2022-12-31,T4,6.01.02,Variações nos Ativos e Passivos,-873768.0
2022-12-31,T4,6.01.02.01,Clientes,-448861.0
2022-12-31,T4,6.01.02.02,Estoques,-292741.0
2022-12-31,T4,6.01.02.03,Ferramentais de Clientes,-29792.0
2022-12-31,T4,6.01.02.04,Imposto de Renda e Contribuição Social a Recuperar,0.0
2022-12-31,T4,6.01.02.05,Demais Tributos a Recuperar,-134443.0
2022-12-31,T4,6.01.02.06,Títulos a Receber e Outros,-34282.0
2022-12-31,T4,6.01.02.07,Depósitos Judiciais e Outros,13162.0
2022-12-31,T4,6.01.02.08,Fornecedores,92850.0
2022-12-31,T4,6.01.02.09,Demais Tributos a Pagar,335.0
2022-12-31,T4,6.01.02.10,"Salários, Encargos Sociais e Participações",97212.0
2022-12-31,T4,6.01.02.11,Adiantamento de Clientes,-11798.0
2022-12-31,T4,6.01.02.12,Títulos a Pagar e Outros,-57836.0
2022-12-31,T4,6.01.02.13,Outros Passivos de Longo Prazo,58390.0
2022-12-31,T4,6.01.02.14,Juros Pagos,-137869.0
2022-12-31,T4,6.01.02.15,Imposto de Renda e Contribuição Social Pagos,-10798.0
2022-12-31,T4,6.01.02.16,Obrigações de Benefícios de Aposentadoria,22703.0
2022-12-31,T4,6.01.02.17,Eletrobrás,0.0
2022-12-31,T4,6.01.03,Outros,0.0
2022-12-31,T4,6.02,Caixa Líquido Atividades de Investimento,-1063907.0
2022-12-31,T4,6.02.01,Adições aos Investimentos,0.0
2022-12-31,T4,6.02.02,Adições ao Imobilizado,-444020.0
2022-12-31,T4,6.02.03,Venda de Outros Investimentos,0.0
2022-12-31,T4,6.02.04,Venda de Bens do Imobilizado,2100.0
2022-12-31,T4,6.02.05,Adiantamentos sobre venda de propriedades para investimento,0.0
2022-12-31,T4,6.02.06,Aumento de Capital das Empresas do México,0.0
2022-12-31,T4,6.02.07,Aplicações Financeiras,0.0
2022-12-31,T4,6.02.08,Recebimento de caixa oriundo de aquisição de empresa,-621987.0
2022-12-31,T4,6.02.09,Caixa e equivalente de caixa adquiridos em combinação de negócio,0.0
2022-12-31,T4,6.03,Caixa Líquido Atividades de Financiamento,923561.0
2022-12-31,T4,6.03.01,Pagamento de Financiamentos e Empréstimos,-388504.0
2022-12-31,T4,6.03.02,Pagamento de Debêntures,1000000.0
2022-12-31,T4,6.03.03,Amortização de Financiamento de Impostos,0.0
2022-12-31,T4,6.03.04,Novos Financiamentos e Empréstimos,442221.0
2022-12-31,T4,6.03.05,Realização de Parte dos Créditos Eletrobrás,0.0
2022-12-31,T4,6.03.06,Juros s/Capital Próprio e Dividendos Pagos,-54549.0
2022-12-31,T4,6.03.07,Aplicação Financeira de Longo Prazo,0.0
2022-12-31,T4,6.03.08,Aumento de Capital,0.0
2022-12-31,T4,6.03.09,Controladas e Coligadas,0.0
2022-12-31,T4,6.03.10,Ações em tesouraria,-1819.0
2022-12-31,T4,6.03.11,Pagamento de Arrendamentos s/ Direito Uso Ativos,-18818.0
2022-12-31,T4,6.03.12,Operação risco sacado,-54970.0
2022-12-31,T4,6.04,Variação Cambial s/ Caixa e Equivalentes,-23966.0
2022-12-31,T4,6.05,Aumento (Redução) de Caixa e Equivalentes,210735.0
2022-12-31,T4,6.05.01,Saldo Inicial de Caixa e Equivalentes,1272445.0
2022-12-31,T4,6.05.02,Saldo Final de Caixa e Equivalentes,1483180.0
2023-12-31,T4,6.01,Caixa Líquido Atividades Operacionais,829125.0
2023-12-31,T4,6.01.01,Caixa Gerado nas Operações,1381381.0
2023-12-31,T4,6.01.01.01,Lucro Líquido do Exercício antes do IR e CSLL,538140.0
2023-12-31,T4,6.01.01.02,Depreciação e Amortização,366540.0
2023-12-31,T4,6.01.01.03,Amortização de Intangível,0.0
2023-12-31,T4,6.01.01.04,Baixa de Bens do Imobilizado,21222.0
2023-12-31,T4,6.01.01.05,Imposto de Renda e Contribuição Social Diferidos,0.0
2023-12-31,T4,6.01.01.06,Juros Apropriados e Variação Cambiais,380748.0
2023-12-31,T4,6.01.01.07,Provisão p/Créditos de Liquidação Duvidosa,-26409.0
2023-12-31,T4,6.01.01.08,Provisão p/Perda nos Estoques,-2018.0
2023-12-31,T4,6.01.01.09,"Provisões Tributárias, Cíveis, Previdenciárias e Trabalhistas",133901.0
2023-12-31,T4,6.01.01.10,Remuneração Baseada em Ações,10321.0
2023-12-31,T4,6.01.01.11,Provisão de parte do Crédito Prêmio IPI,0.0
2023-12-31,T4,6.01.01.12,Provisão de parte do Crédito Eletrobrás,-238.0
2023-12-31,T4,6.01.01.13,Impactos da Adesão ao Refis,0.0
2023-12-31,T4,6.01.01.14,Constituição impairment Reintegra,0.0
2023-12-31,T4,6.01.01.15,Compra vantajosa,-29103.0
2023-12-31,T4,6.01.01.16,Reversão Impairment Imobilizado,-11723.0
2023-12-31,T4,6.01.02,Variações nos Ativos e Passivos,-552256.0
2023-12-31,T4,6.01.02.01,Clientes,47793.0
2023-12-31,T4,6.01.02.02,Estoques,202564.0
2023-12-31,T4,6.01.02.03,Ferramentais de Clientes,-79558.0
2023-12-31,T4,6.01.02.04,Imposto de Renda e Contribuição Social a Recuperar,0.0
2023-12-31,T4,6.01.02.05,Demais Tributos a Recuperar,-77692.0
2023-12-31,T4,6.01.02.06,Títulos a Receber e Outros,45318.0
2023-12-31,T4,6.01.02.07,Depósitos Judiciais e Outros,-1869.0
2023-12-31,T4,6.01.02.08,Fornecedores,-257065.0
2023-12-31,T4,6.01.02.09,Demais Tributos a Pagar,-81092.0
2023-12-31,T4,6.01.02.10,"Salários, Encargos Sociais e Participações",-39087.0
2023-12-31,T4,6.01.02.11,Adiantamento de Clientes,58745.0
2023-12-31,T4,6.01.02.12,Títulos a Pagar e Outros,3812.0
2023-12-31,T4,6.01.02.13,Outros Passivos de Longo Prazo,-102295.0
2023-12-31,T4,6.01.02.14,Juros Pagos,-114391.0
2023-12-31,T4,6.01.02.15,Imposto de Renda e Contribuição Social Pagos,-176370.0
2023-12-31,T4,6.01.02.16,Obrigações de Benefícios de Aposentadoria,18931.0
2023-12-31,T4,6.01.02.17,Eletrobrás,0.0
2023-12-31,T4,6.01.03,Outros,0.0
2023-12-31,T4,6.02,Caixa Líquido Atividades de Investimento,-735209.0
2023-12-31,T4,6.02.01,Adições aos Investimentos,0.0
2023-12-31,T4,6.02.02,Adições ao Imobilizado,-570286.0
2023-12-31,T4,6.02.03,Venda de Outros Investimentos,0.0
2023-12-31,T4,6.02.04,Venda de Bens do Imobilizado,1750.0
2023-12-31,T4,6.02.05,Adiantamentos sobre venda de propriedades para investimento,0.0
2023-12-31,T4,6.02.06,Aumento de Capital das Empresas do México,0.0
2023-12-31,T4,6.02.07,Aplicações Financeiras,0.0
2023-12-31,T4,6.02.08,Recebimento de caixa oriundo de aquisição de empresa,0.0
2023-12-31,T4,6.02.09,Caixa e equivalente de caixa adquiridos em combinação de negócio,-166673.0
2023-12-31,T4,6.03,Caixa Líquido Atividades de Financiamento,48134.0
2023-12-31,T4,6.03.01,Pagamento de Financiamentos e Empréstimos,-163794.0
2023-12-31,T4,6.03.02,Emissão de Debêntures,0.0
2023-12-31,T4,6.03.03,Amortização de Financiamento de Impostos,0.0
2023-12-31,T4,6.03.04,Novos Financiamentos e Empréstimos,544612.0
2023-12-31,T4,6.03.05,Realização de Parte dos Créditos Eletrobrás,0.0
2023-12-31,T4,6.03.06,Juros s/Capital Próprio e Dividendos Pagos,-142138.0
2023-12-31,T4,6.03.07,Aplicação Financeira de Longo Prazo,0.0
2023-12-31,T4,6.03.08,Aumento de Capital,0.0
2023-12-31,T4,6.03.09,Controladas e Coligadas,0.0
2023-12-31,T4,6.03.10,Ações em tesouraria,-12181.0
2023-12-31,T4,6.03.11,Pagamento de Arrendamentos s/ Direito Uso Ativos,-31357.0
2023-12-31,T4,6.03.12,Operação risco sacado,0.0
2023-12-31,T4,6.03.13,Juros sobre Debêntures,-147008.0
2023-12-31,T4,6.03.14,"Aumento de capital, líquido dos gastos com emissão de ações",0.0
2023-12-31,T4,6.04,Variação Cambial s/ Caixa e Equivalentes,-58781.0
2023-12-31,T4,6.05,Aumento (Redução) de Caixa e Equivalentes,83269.0
2023-12-31,T4,6.05.01,Saldo Inicial de Caixa e Equivalentes,1509829.0
2023-12-31,T4,6.05.02,Saldo Final de Caixa e Equivalentes,1593098.0
2024-12-31,T4,6.01,Caixa Líquido Atividades Operacionais,1353491.0
2024-12-31,T4,6.01.01,Caixa Gerado nas Operações,1332546.0
2024-12-31,T4,6.01.01.01,Lucro Líquido do Exercício antes do IR e CSLL,259128.0
2024-12-31,T4,6.01.01.02,Depreciação e Amortização,387098.0
2024-12-31,T4,6.01.01.03,Amortização de Intangível,0.0
2024-12-31,T4,6.01.01.04,Baixa de Bens do Imobilizado,30861.0
2024-12-31,T4,6.01.01.05,Imposto de Renda e Contribuição Social Diferidos,0.0
2024-12-31,T4,6.01.01.06,Juros Apropriados e Variação Cambiais,362143.0
2024-12-31,T4,6.01.01.07,Provisão p/Créditos de Liquidação Duvidosa,8105.0
2024-12-31,T4,6.01.01.08,Provisão p/Perda nos Estoques,3854.0
2024-12-31,T4,6.01.01.09,"Provisões Tributárias, Cíveis, Previdenciárias e Trabalhistas",85901.0
2024-12-31,T4,6.01.01.10,Remuneração Baseada em Ações,6769.0
2024-12-31,T4,6.01.01.11,Provisão de parte do Crédito Prêmio IPI,0.0
2024-12-31,T4,6.01.01.12,Provisão de parte do Crédito Eletrobrás,554.0
2024-12-31,T4,6.01.01.13,Impactos da Adesão ao Refis,0.0
2024-12-31,T4,6.01.01.14,Constituição impairment,250126.0
2024-12-31,T4,6.01.01.15,Compra vantajosa,0.0
2024-12-31,T4,6.01.01.16,Reversão Impairment,-61993.0
2024-12-31,T4,6.01.02,Variações nos Ativos e Passivos,20945.0
2024-12-31,T4,6.01.02.01,Clientes,476905.0
2024-12-31,T4,6.01.02.02,Estoques,-63027.0
2024-12-31,T4,6.01.02.03,Ferramentais de Clientes,-21500.0
2024-12-31,T4,6.01.02.04,Imposto de Renda e Contribuição Social a Recuperar,0.0
2024-12-31,T4,6.01.02.05,Demais Tributos a Recuperar,202696.0
2024-12-31,T4,6.01.02.06,Títulos a Receber e Outros,-24892.0
2024-12-31,T4,6.01.02.07,Depósitos Judiciais e Outros,10903.0
2024-12-31,T4,6.01.02.08,Fornecedores,-167581.0
2024-12-31,T4,6.01.02.09,Demais Tributos a Pagar,-3066.0
2024-12-31,T4,6.01.02.10,"Salários, Encargos Sociais e Participações",-39708.0
2024-12-31,T4,6.01.02.11,Adiantamento de Clientes,37732.0
2024-12-31,T4,6.01.02.12,Títulos a Pagar e Outros,-28088.0
2024-12-31,T4,6.01.02.13,Outros Passivos de Longo Prazo,-92539.0
2024-12-31,T4,6.01.02.14,Juros Pagos,-180446.0
2024-12-31,T4,6.01.02.15,Imposto de Renda e Contribuição Social Pagos,-59956.0
2024-12-31,T4,6.01.02.16,Obrigações de Benefícios de Aposentadoria,-26488.0
2024-12-31,T4,6.01.02.17,Eletrobrás,0.0
2024-12-31,T4,6.01.03,Outros,0.0
2024-12-31,T4,6.02,Caixa Líquido Atividades de Investimento,-640086.0
2024-12-31,T4,6.02.01,Adições aos Investimentos,0.0
2024-12-31,T4,6.02.02,Adições ao Imobilizado,-494670.0
2024-12-31,T4,6.02.03,Venda de Outros Investimentos,0.0
2024-12-31,T4,6.02.04,Venda de Bens do Imobilizado,4677.0
2024-12-31,T4,6.02.05,Adiantamentos sobre venda de propriedades para investimento,0.0
2024-12-31,T4,6.02.06,Aumento de Capital das Empresas do México,0.0
2024-12-31,T4,6.02.07,Aplicações Financeiras,0.0
2024-12-31,T4,6.02.08,Recebimento de caixa oriundo de aquisição de empresa,0.0
2024-12-31,T4,6.02.09,Caixa e equivalente de caixa adquiridos em combinação de negócio,-150093.0
2024-12-31,T4,6.03,Caixa Líquido Atividades de Financiamento,-151687.0
2024-12-31,T4,6.03.01,Pagamento de Financiamentos e Empréstimos,-1102548.0
2024-12-31,T4,6.03.02,Emissão de Debêntures,1500000.0
2024-12-31,T4,6.03.03,Amortização de Financiamento de Impostos,0.0
2024-12-31,T4,6.03.04,Novos Financiamentos e Empréstimos,850483.0
2024-12-31,T4,6.03.05,Realização de Parte dos Créditos Eletrobrás,0.0
2024-12-31,T4,6.03.06,Juros s/Capital Próprio e Dividendos Pagos,-93926.0
2024-12-31,T4,6.03.07,Aplicação Financeira de Longo Prazo,0.0
2024-12-31,T4,6.03.08,Aumento de Capital,0.0
2024-12-31,T4,6.03.09,Controladas e Coligadas,0.0
2024-12-31,T4,6.03.10,Ações em tesouraria,-142278.0
2024-12-31,T4,6.03.11,Pagamento de Arrendamentos s/ Direito Uso Ativos,-35113.0
2024-12-31,T4,6.03.12,Operação risco sacado,0.0
2024-12-31,T4,6.03.13,Juros sobre Debêntures,-128305.0
2024-12-31,T4,6.03.14,Pagamento de debêntures,-1000000.0
2024-12-31,T4,6.04,Variação Cambial s/ Caixa e Equivalentes,221387.0
2024-12-31,T4,6.05,Aumento (Redução) de Caixa e Equivalentes,783105.0
2024-12-31,T4,6.05.01,Saldo Inicial de Caixa e Equivalentes,1593098.0
2024-12-31,T4,6.05.02,Saldo Final de Caixa e Equivalentes,2376203.0
